    0.000000000    0.282324189    0.282324987
    0.028345892    0.282324291    0.282324997
    0.056691784    0.282324575    0.282325023
    0.085037676    0.282324974    0.282325061
    0.113383567    0.282325396    0.282325100
    0.141729459    0.282325742    0.282325133
    0.170075351    0.282325933    0.282325150
    0.198421243    0.282325924    0.282325149
    0.226767135    0.282325717    0.282325130
    0.255113027    0.282325360    0.282325096
    0.283458919    0.282324936    0.282325056
    0.311804811    0.282324543    0.282325018
    0.340150702    0.282324271    0.282324992
    0.368496594    0.282324185    0.282324984
    0.396842486    0.282324304    0.282324995
    0.425188378    0.282324600    0.282325022
    0.453534270    0.282325005    0.282325060
    0.481880162    0.282325425    0.282325099
    0.510226054    0.282325761    0.282325130
    0.538571945    0.282325937    0.282325145
    0.566917837    0.282325910    0.282325142
    0.595263729    0.282325687    0.282325120
    0.623609621    0.282325319    0.282325085
    0.651955513    0.282324892    0.282325044
    0.680301405    0.282324504    0.282325007
    0.708647297    0.282324245    0.282324982
    0.736993189    0.282324175    0.282324974
    0.765339080    0.282324310    0.282324986
    0.793684972    0.282324619    0.282325015
    0.822030864    0.282325031    0.282325052
    0.850376756    0.282325448    0.282325090
    0.878722648    0.282325774    0.282325120
    0.907068540    0.282325934    0.282325133
    0.935414432    0.282325889    0.282325128
    0.963760323    0.282325650    0.282325104
    0.992106215    0.282325271    0.282325067
    1.020452107    0.282324840    0.282325025
    1.048797999    0.282324457    0.282324987
    1.077143891    0.282324210    0.282324963
    1.105489783    0.282324157    0.282324957
    1.133835675    0.282324309    0.282324970
    1.162181567    0.282324631    0.282324999
    1.190527458    0.282325048    0.282325037
    1.218873350    0.282325464    0.282325074
    1.247219242    0.282325781    0.282325102
    1.275565134    0.282325924    0.282325113
    1.303911026    0.282325861    0.282325105
    1.332256918    0.282325605    0.282325078
    1.360602810    0.282325214    0.282325040
    1.388948701    0.282324779    0.282324997
    1.417294593    0.282324401    0.282324959
    1.445640485    0.282324166    0.282324935
    1.473986377    0.282324128    0.282324930
    1.502332269    0.282324297    0.282324944
    1.530678161    0.282324633    0.282324974
    1.559024053    0.282325057    0.282325011
    1.587369945    0.282325471    0.282325047
    1.615715836    0.282325777    0.282325073
    1.644061728    0.282325905    0.282325082
    1.672407620    0.282325823    0.282325071
    1.700753512    0.282325549    0.282325042
    1.729099404    0.282325146    0.282325001
    1.757445296    0.282324707    0.282324957
    1.785791188    0.282324332    0.282324919
    1.814137079    0.282324108    0.282324895
    1.842482971    0.282324087    0.282324890
    1.870828863    0.282324273    0.282324905
    1.899174755    0.282324622    0.282324935
    1.927520647    0.282325053    0.282324972
    1.955866539    0.282325465    0.282325007
    1.984212431    0.282325761    0.282325030
    2.012558323    0.282325872    0.282325036
    2.040904214    0.282325770    0.282325022
    2.069250106    0.282325478    0.282324990
    2.097595998    0.282325062    0.282324946
    2.125941890    0.282324617    0.282324900
    2.154287782    0.282324246    0.282324861
    2.182633674    0.282324033    0.282324837
    2.210979566    0.282324028    0.282324832
    2.239325457    0.282324231    0.282324847
    2.267671349    0.282324594    0.282324876
    2.296017241    0.282325031    0.282324912
    2.324363133    0.282325441    0.282324945
    2.352709025    0.282325727    0.282324966
    2.381054917    0.282325820    0.282324968
    2.409400809    0.282325697    0.282324950
    2.437746701    0.282325385    0.282324914
    2.466092592    0.282324955    0.282324867
    2.494438484    0.282324503    0.282324818
    2.522784376    0.282324134    0.282324777
    2.551130268    0.282323932    0.282324751
    2.579476160    0.282323942    0.282324746
    2.607822052    0.282324161    0.282324760
    2.636167944    0.282324537    0.282324788
    2.664513836    0.282324982    0.282324822
    2.692859727    0.282325389    0.282324852
    2.721205619    0.282325663    0.282324869
    2.749551511    0.282325737    0.282324866
    2.777897403    0.282325592    0.282324843
    2.806243295    0.282325258    0.282324801
    2.834589187    0.282324811    0.282324749
    2.862935079    0.282324351    0.282324696
    2.891280970    0.282323982    0.282324652
    2.919626862    0.282323789    0.282324624
    2.947972754    0.282323814    0.282324617
    2.976318646    0.282324050    0.282324629
    3.004664538    0.282324438    0.282324654
    3.033010430    0.282324888    0.282324685
    3.061356322    0.282325292    0.282324710
    3.089702214    0.282325552    0.282324721
    3.118048105    0.282325606    0.282324711
    3.146393997    0.282325436    0.282324681
    3.174739889    0.282325078    0.282324632
    3.203085781    0.282324611    0.282324573
    3.231431673    0.282324140    0.282324514
    3.259777565    0.282323770    0.282324464
    3.288123457    0.282323584    0.282324431
    3.316469348    0.282323622    0.282324419
    3.344815240    0.282323872    0.282324426
    3.373161132    0.282324272    0.282324446
    3.401507024    0.282324726    0.282324470
    3.429852916    0.282325123    0.282324488
    3.458198808    0.282325368    0.282324490
    3.486544700    0.282325397    0.282324471
    3.514890592    0.282325198    0.282324429
    3.543236483    0.282324812    0.282324370
    3.571582375    0.282324321    0.282324300
    3.599928267    0.282323835    0.282324231
    3.628274159    0.282323459    0.282324172
    3.656620051    0.282323277    0.282324130
    3.684965943    0.282323325    0.282324109
    3.713311835    0.282323586    0.282324108
    3.741657726    0.282323994    0.282324118
    3.770003618    0.282324448    0.282324132
    3.798349510    0.282324836    0.282324137
    3.826695402    0.282325060    0.282324125
    3.855041294    0.282325060    0.282324090
    3.883387186    0.282324826    0.282324033
    3.911733078    0.282324404    0.282323957
    3.940078970    0.282323884    0.282323870
    3.968424861    0.282323375    0.282323785
    3.996770753    0.282322989    0.282323710
    4.025116645    0.282322804    0.282323652
    4.053462537    0.282322856    0.282323616
    4.081808429    0.282323123    0.282323597
    4.110154321    0.282323534    0.282323590
    4.138500213    0.282323983    0.282323583
    4.166846104    0.282324354    0.282323566
    4.195191996    0.282324550    0.282323530
    4.223537888    0.282324511    0.282323469
    4.251883780    0.282324233    0.282323383
    4.280229672    0.282323767    0.282323276
    4.308575564    0.282323206    0.282323159
    4.336921456    0.282322665    0.282323042
    4.365267348    0.282322257    0.282322936
    4.393613239    0.282322060    0.282322846
    4.421959131    0.282322105    0.282322777
    4.450305023    0.282322367    0.282322725
    4.478650915    0.282322768    0.282322682
    4.506996807    0.282323196    0.282322638
    4.535342699    0.282323532    0.282322581
    4.563688591    0.282323678    0.282322502
    4.592034482    0.282323576    0.282322396
    4.620380374    0.282323227    0.282322263
    4.648726266    0.282322685    0.282322108
    4.677072158    0.282322050    0.282321942
    4.705418050    0.282321443    0.282321775
    4.733763942    0.282320977    0.282321618
    4.762109834    0.282320733    0.282321477
    4.790455726    0.282320738    0.282321355
    4.818801617    0.282320963    0.282321249
    4.847147509    0.282321323    0.282321148
    4.875493401    0.282321703    0.282321044
    4.903839293    0.282321981    0.282320922
    4.932185185    0.282322056    0.282320776
    4.960531077    0.282321875    0.282320598
    4.988876969    0.282321439    0.282320391
    5.017222860    0.282320809    0.282320160
    5.045568752    0.282320092    0.282319915
    5.073914644    0.282319411    0.282319669
    5.102260536    0.282318881    0.282319430
    5.130606428    0.282318581    0.282319207
    5.158952320    0.282318536    0.282319001
    5.187298212    0.282318707    0.282318807
    5.215644104    0.282319007    0.282318616
    5.243989995    0.282319314    0.282318416
    5.272335887    0.282319500    0.282318195
    5.300681779    0.282319466    0.282317943
    5.329027671    0.282319159    0.282317656
    5.357373563    0.282318587    0.282317334
    5.385719455    0.282317820    0.282316984
    5.414065347    0.282316967    0.282316617
    5.442411238    0.282316160    0.282316244
    5.470757130    0.282315516    0.282315876
    5.499103022    0.282315112    0.282315520
    5.527448914    0.282314969    0.282315175
    5.555794806    0.282315043    0.282314838
    5.584140698    0.282315236    0.282314497
    5.612486590    0.282315419    0.282314140
    5.640832482    0.282315460    0.282313753
    5.669178373    0.282315257    0.282313327
    5.697524265    0.282314759    0.282312857
    5.725870157    0.282313980    0.282312345
    5.754216049    0.282312995    0.282311796
    5.782561941    0.282311924    0.282311223
    5.810907833    0.282310904    0.282310638
    5.839253725    0.282310056    0.282310050
    5.867599616    0.282309458    0.282309467
    5.895945508    0.282309126    0.282308888
    5.924291400    0.282309009    0.282308306
    5.952637292    0.282309001    0.282307711
    5.980983184    0.282308964    0.282307087
    6.009329076    0.282308760    0.282306421
    6.037674968    0.282308283    0.282305702
    6.066020860    0.282307482    0.282304925
    6.094366751    0.282306377    0.282304091
    6.122712643    0.282305050    0.282303209
    6.151058535    0.282303629    0.282302289
    6.179404427    0.282302258    0.282301343
    6.207750319    0.282301062    0.282300383
    6.236096211    0.282300120    0.282299413
    6.264442103    0.282299444    0.282298432
    6.292787994    0.282298977    0.282297433
    6.321133886    0.282298602    0.282296402
    6.349479778    0.282298174    0.282295323
    6.377825670    0.282297546    0.282294182
    6.406171562    0.282296609    0.282292965
    6.434517454    0.282295312    0.282291668
    6.462863346    0.282293678    0.282290292
    6.491209238    0.282291797    0.282288843
    6.519555129    0.282289805    0.282287334
    6.547901021    0.282287852    0.282285776
    6.576246913    0.282286069    0.282284180
    6.604592805    0.282284534    0.282282549
    6.632938697    0.282283256    0.282280880
    6.661284589    0.282282169    0.282279165
    6.689630481    0.282281146    0.282277387
    6.717976372    0.282280032    0.282275528
    6.746322264    0.282278672    0.282273572
    6.774668156    0.282276950    0.282271503
    6.803014048    0.282274818    0.282269317
    6.831359940    0.282272301    0.282267012
    6.859705832    0.282269496    0.282264596
    6.888051724    0.282266548    0.282262078
    6.916397616    0.282263613    0.282259471
    6.944743507    0.282260827    0.282256782
    6.973089399    0.282258268    0.282254014
    7.001435291    0.282255937    0.282251163
    7.029781183    0.282253761    0.282248214
    7.058127075    0.282251601    0.282245149
    7.086472967    0.282249288    0.282241947
    7.114818859    0.282246657    0.282238588
    7.143164751    0.282243588    0.282235055
    7.171510642    0.282240029    0.282231339
    7.199856534    0.282236011    0.282227438
    7.228202426    0.282231638    0.282223357
    7.256548318    0.282227061    0.282219106
    7.284894210    0.282222447    0.282214692
    7.313240102    0.282217934    0.282210122
    7.341585994    0.282213597    0.282205394
    7.369931885    0.282209433    0.282200501
    7.398277777    0.282205354    0.282195423
    7.426623669    0.282201208    0.282190138
    7.454969561    0.282196809    0.282184618
    7.483315453    0.282191980    0.282178839
    7.511661345    0.282186592    0.282172780
    7.540007237    0.282180591    0.282166426
    7.568353129    0.282174010    0.282159774
    7.596699020    0.282166960    0.282152823
    7.625044912    0.282159601    0.282145578
    7.653390804    0.282152107    0.282138046
    7.681736696    0.282144616    0.282130226
    7.710082588    0.282137204    0.282122111
    7.738428480    0.282129855    0.282113686
    7.766774372    0.282122466    0.282104926
    7.795120263    0.282114865    0.282095799
    7.823466155    0.282106846    0.282086270
    7.851812047    0.282098215    0.282076305
    7.880157939    0.282088830    0.282065875
    7.908503831    0.282078629    0.282054961
    7.936849723    0.282067648    0.282043548
    7.965195615    0.282056001    0.282031632
    7.993541507    0.282043857    0.282019209
    8.021887398    0.282031394    0.282006278
    8.050233290    0.282018753    0.281992829
    8.078579182    0.282006000    0.281978846
    8.106925074    0.281993107    0.281964302
    8.135270966    0.281979949    0.281949160
    8.163616858    0.281966326    0.281933373
    8.191962750    0.281952006    0.281916894
    8.220308641    0.281936770    0.281899676
    8.248654533    0.281920456    0.281881676
    8.277000425    0.281902992    0.281862861
    8.305346317    0.281884409    0.281843204
    8.333692209    0.281864823    0.281822687
    8.362038101    0.281844408    0.281801294
    8.390383993    0.281823343    0.281779009
    8.418729885    0.281801767    0.281755806
    8.447075776    0.281779734    0.281731652
    8.475421668    0.281757194    0.281706500
    8.503767560    0.281733990    0.281680292
    8.532113452    0.281709888    0.281652961
    8.560459344    0.281684615    0.281624436
    8.588805236    0.281657917    0.281594646
    8.617151128    0.281629601    0.281563526
    8.645497019    0.281599577    0.281531019
    8.673842911    0.281567861    0.281497076
    8.702188803    0.281534566    0.281461654
    8.730534695    0.281499861    0.281424713
    8.758880587    0.281463923    0.281386210
    8.787226479    0.281426877    0.281346092
    8.815572371    0.281388756    0.281304296
    8.843918263    0.281349474    0.281260740
    8.872264154    0.281308830    0.281215333
    8.900610046    0.281266533    0.281167968
    8.928955938    0.281222254    0.281118537
    8.957301830    0.281175683    0.281066928
    8.985647722    0.281126579    0.281013037
    9.013993614    0.281074813    0.280956764
    9.042339506    0.281020375    0.280898020
    9.070685397    0.280963356    0.280836720
    9.099031289    0.280903911    0.280772779
    9.127377181    0.280842195    0.280706108
    9.155723073    0.280778306    0.280636605
    9.184068965    0.280712237    0.280564152
    9.212414857    0.280643842    0.280488612
    9.240760749    0.280572848    0.280409832
    9.269106641    0.280498883    0.280327642
    9.297452532    0.280421528    0.280241867
    9.325798424    0.280340386    0.280152328
    9.354144316    0.280255139    0.280058849
    9.382490208    0.280165590    0.279961262
    9.410836100    0.280071673    0.279859403
    9.439181992    0.279973435    0.279753112
    9.467527884    0.279870989    0.279642229
    9.495873775    0.279764446    0.279526580
    9.524219667    0.279653847    0.279405978
    9.552565559    0.279539110    0.279280213
    9.580911451    0.279419996    0.279149048
    9.609257343    0.279296117    0.279012226
    9.637603235    0.279166971    0.278869470
    9.665949127    0.279032001    0.278720488
    9.694295019    0.278890673    0.278564984
    9.722640910    0.278742541    0.278402661
    9.750986802    0.278587289    0.278233227
    9.779332694    0.278424752    0.278056390
    9.807678586    0.278254886    0.277871859
    9.836024478    0.278077718    0.277679335
    9.864370370    0.277893265    0.277478502
    9.892716262    0.277701462    0.277269018
    9.921062153    0.277502093    0.277050512
    9.949408045    0.277294758    0.276822578
    9.977753937    0.277078881    0.276584776
   10.006099829    0.276853745    0.276336639
   10.034445721    0.276618571    0.276077678
   10.062791613    0.276372595    0.275807394
   10.091137505    0.276115150    0.275525276
   10.119483397    0.275845716    0.275230816
   10.147829288    0.275563939    0.274923499
   10.176175180    0.275269602    0.274602802
   10.204521072    0.274962557    0.274268184
   10.232866964    0.274642643    0.273919078
   10.261212856    0.274309592    0.273554877
   10.289558748    0.273962949    0.273174929
   10.317904640    0.273602040    0.272778531
   10.346250531    0.273225966    0.272364932
   10.374596423    0.272833659    0.271933339
   10.402942315    0.272423963    0.271482922
   10.431288207    0.271995731    0.271012828
   10.459634099    0.271547921    0.270522186
   10.487979991    0.271079654    0.270010108
   10.516325883    0.270590239    0.269475696
   10.544671775    0.270079139    0.268918025
   10.573017666    0.269545892    0.268336139
   10.601363558    0.268990011    0.267729035
   10.629709450    0.268410867    0.267095648
   10.658055342    0.267807599    0.266434845
   10.686401234    0.267179063    0.265745414
   10.714747126    0.266523833    0.265026072
   10.743093018    0.265840258    0.264275465
   10.771438909    0.265126559    0.263492182
   10.799784801    0.264380954    0.262674766
   10.828130693    0.263601764    0.261821722
   10.856476585    0.262787499    0.260931521
   10.884822477    0.261936880    0.260002599
   10.913168369    0.261048807    0.259033350
   10.941514261    0.260122261    0.258022102
   10.969860153    0.259156178    0.256967110
   10.998206044    0.258149307    0.255866527
   11.026551936    0.257100089    0.254718398
   11.054897828    0.256006592    0.253520647
   11.083243720    0.254866499    0.252271082
   11.111589612    0.253677182    0.250967398
   11.139935504    0.252435816    0.249607196
   11.168281396    0.251139537    0.248187994
   11.196627287    0.249785582    0.246707243
   11.224973179    0.248371401    0.245162332
   11.253319071    0.246894697    0.243550586
   11.281664963    0.245353385    0.241869250
   11.310010855    0.243745480    0.240115467
   11.338356747    0.242068927    0.238286252
   11.366702639    0.240321417    0.236378463
   11.395048531    0.238500218    0.234388778
   11.423394422    0.236602072    0.232313678
   11.451740314    0.234623176    0.230149455
   11.480086206    0.232559257    0.227892216
   11.508432098    0.230405723    0.225537911
   11.536777990    0.228157875    0.223082363
   11.565123882    0.225811107    0.220521290
   11.593469774    0.223361077    0.217850326
   11.621815665    0.220803781    0.215065017
   11.650161557    0.218135525    0.212160803
   11.678507449    0.215352785    0.209132970
   11.706853341    0.212451967    0.205976588
   11.735199233    0.209429142    0.202686419
   11.763545125    0.206279778    0.199256835
   11.791891017    0.202998548    0.195681723
   11.820236909    0.199579253    0.191954401
   11.848582800    0.196014897    0.188067561
   11.876928692    0.192297883    0.184013225
   11.905274584    0.188420333    0.179782734
   11.933620476    0.184374441    0.175366759
   11.961966368    0.180152805    0.170755338
   11.990312260    0.175748652    0.165937932
   12.018658152    0.171155905    0.160903495
   12.047004044    0.166369040    0.155640553
   12.075349935    0.161382737    0.150137299
   12.103695827    0.156191362    0.144381677
   12.132041719    0.150788323    0.138361483
   12.160387611    0.145165411    0.132064460
   12.188733503    0.139312183    0.125478384
   12.217079395    0.133215501    0.118591156
   12.245425287    0.126859274    0.111390867
   12.273771178    0.120224443    0.103865856
   12.302117070    0.113289216    0.096004735
   12.330462962    0.106029525    0.087796386
   12.358808854    0.098419664    0.079229932
   12.387154746    0.090433033    0.070294667
   12.415500638    0.082042950    0.060979979
   12.443846530    0.073223450    0.051275249
   12.472192422    0.063950046    0.041169766
   12.500538313    0.054200405    0.030652661
   12.528884205    0.043954925    0.019712884
   12.557230097    0.033197194    0.008339234
   12.585575989    0.021914305   -0.003479539
   12.613921881    0.010097014   -0.015754579
   12.642267773   -0.002260295   -0.028496694
   12.670613665   -0.015159860   -0.041716094
   12.698959556   -0.028601027   -0.055422089
   12.727305448   -0.042580968   -0.069622795
   12.755651340   -0.057095609   -0.084324846
   12.783997232   -0.072140702   -0.099533156
   12.812343124   -0.087712943   -0.115250720
   12.840689016   -0.103811008   -0.131478486
   12.869034908   -0.120436370   -0.148215272
   12.897380800   -0.137593750   -0.165457746
   12.925726691   -0.155291108   -0.183200436
   12.954072583   -0.173539102   -0.201435776
   12.982418475   -0.192350027   -0.220154156
   13.010764367   -0.211736306   -0.239343984
   13.039110259   -0.231708687   -0.258991743
   13.067456151   -0.252274332   -0.279082042
   13.095802043   -0.273435026   -0.299597671
   13.124147934   -0.295185719   -0.320519657
   13.152493826   -0.317513577   -0.341827321
   13.180839718   -0.340397652   -0.363498354
   13.209185610   -0.363809189   -0.385508890
   13.237531502   -0.387712521   -0.407833592
   13.265877394   -0.412066397   -0.430445717
   13.294223286   -0.436825549   -0.453317179
   13.322569178   -0.461942278   -0.476418578
   13.350915069   -0.487367852   -0.499719198
   13.379260961   -0.513053540   -0.523186978
   13.407606853   -0.538951207   -0.546788445
   13.435952745   -0.565013435   -0.570488647
   13.464298637   -0.591193250   -0.594251075
   13.492644529   -0.617443584   -0.618037617
   13.520990421   -0.643716632   -0.641808549
   13.549336312   -0.669963278   -0.665522589
   13.577682204   -0.696132734   -0.689137019
   13.606028096   -0.722172480   -0.712607865
   13.634373988   -0.748028533   -0.735890153
   13.662719880   -0.773646000   -0.758938198
   13.691065772   -0.798969814   -0.781705913
   13.719411664   -0.823945521   -0.804147121
   13.747757556   -0.848519984   -0.826215837
   13.776103447   -0.872641876   -0.847866512
   13.804449339   -0.896261904   -0.869054217
   13.832795231   -0.919332731   -0.889734781
   13.861141123   -0.941808652   -0.909864883
   13.889487015   -0.963645113   -0.929402106
   13.917832907   -0.984798175   -0.948304990
   13.946178799   -1.005224078   -0.966533079
   13.974524690   -1.024878976   -0.984046991
   14.002870582   -1.043718924   -1.000808518
   14.031216474   -1.061700116   -1.016780753
   14.059562366   -1.078779353   -1.031928242
   14.087908258   -1.094914642   -1.046217148
   14.116254150   -1.110065825   -1.059615414
   14.144600042   -1.124195149   -1.072092909
   14.172945934   -1.137267668   -1.083621551
   14.201291825   -1.149251455   -1.094175392
   14.229637717   -1.160117594   -1.103730672
   14.257983609   -1.169840012   -1.112265847
   14.286329501   -1.178395217   -1.119761592
   14.314675393   -1.185762032   -1.126200804
   14.343021285   -1.191921405   -1.131568612
   14.371367177   -1.196856366   -1.135852399
   14.399713068   -1.200552160   -1.139041840
   14.428058960   -1.202996539   -1.141128965
   14.456404852   -1.204180160   -1.142108228
   14.484750744   -1.204097023   -1.141976578
   14.513096636   -1.202744862   -1.140733518
   14.541442528   -1.200125402   -1.138381145
   14.569788420   -1.196244447   -1.134924159
   14.598134312   -1.191111775   -1.130369838
   14.626480203   -1.184740856   -1.124727986
   14.654826095   -1.177148464   -1.118010852
   14.683171987   -1.168354250   -1.110233038
   14.711517879   -1.158380349   -1.101411403
   14.739863771   -1.147251103   -1.091564969
   14.768209663   -1.134992927   -1.080714842
   14.796555555   -1.121634325   -1.068884151
   14.824901446   -1.107206026   -1.056097994
   14.853247338   -1.091741183   -1.042383402
   14.881593230   -1.075275548   -1.027769298
   14.909939122   -1.057847561   -1.012286459
   14.938285014   -1.039498294   -0.995967462
   14.966630906   -1.020271221   -0.978846625
   14.994976798   -1.000211820   -0.960959931
   15.023322690   -0.979367061   -0.942344955
   15.051668581   -0.957784834   -0.923040780
   15.080014473   -0.935513411   -0.903087928
   15.108360365   -0.912600998   -0.882528292
   15.136706257   -0.889095459   -0.861405083
   15.165052149   -0.865044199   -0.839762777
   15.193398041   -0.840494237   -0.817647062
   15.221743933   -0.815492396   -0.795104757
   15.250089824   -0.790085573   -0.772183710
   15.278435716   -0.764321014   -0.748932650
   15.306781608   -0.738246536   -0.725400977
   15.335127500   -0.711910676   -0.701638512
   15.363473392   -0.685362739   -0.677695185
   15.391819284   -0.658652796   -0.653620697
   15.420165176   -0.631831651   -0.629464161
   15.448511068   -0.604950848   -0.605273752
   15.476856959   -0.578062746   -0.581096392
   15.505202851   -0.551220695   -0.556977481
   15.533548743   -0.524479284   -0.532960700
   15.561894635   -0.497894616   -0.509087892
   15.590240527   -0.471524510   -0.485399005
   15.618586419   -0.445428540   -0.461932103
   15.646932311   -0.419667783   -0.438723420
   15.675278202   -0.394304208   -0.415807427
   15.703624094   -0.369399662   -0.393216906
   15.731969986   -0.345014482   -0.370982999
   15.760315878   -0.321205811   -0.349135228
   15.788661770   -0.298025782   -0.327701469
   15.817007662   -0.275519740   -0.306707899
   15.845353554   -0.253724736   -0.286178900
   15.873699446   -0.232668464   -0.266136963
   15.902045337   -0.212368797   -0.246602578
   15.930391229   -0.192834003   -0.227594140
   15.958737121   -0.174063621   -0.209127882
   15.987083013   -0.156049919   -0.191217834
   16.015428905   -0.138779742   -0.173875813
   16.043774797   -0.122236545   -0.157111439
   16.072120689   -0.106402357   -0.140932178
   16.100466580   -0.091259453   -0.125343389
   16.128812472   -0.076791553   -0.110348391
   16.157158364   -0.062984443   -0.095948520
   16.185504256   -0.049825994   -0.082143200
   16.213850148   -0.037305660   -0.068930018
   16.242196040   -0.025413575   -0.056304812
   16.270541932   -0.014139464   -0.044261784
   16.298887824   -0.003471559   -0.032793640
   16.327233715    0.006604275   -0.021891758
   16.355579607    0.016105045   -0.011546402
   16.383925499    0.025050691   -0.001746955
   16.412271391    0.033463679    0.007517826
   16.440617283    0.041368173    0.016259546
   16.468963175    0.048788932    0.024489918
   16.497309067    0.055750060    0.032220537
   16.525654959    0.062273802    0.039462689
   16.554000850    0.068379534    0.046227212
   16.582346742    0.074083074    0.052524405
   16.610692634    0.079396389    0.058363995
   16.639038526    0.084327709    0.063755140
   16.667384418    0.088882002    0.068706473
   16.695730310    0.093061722    0.073226150
   16.724076202    0.096867719    0.077321915
   16.752422093    0.100300147    0.081001140
   16.780767985    0.103359283    0.084270843
   16.809113877    0.106046122    0.087137679
   16.837459769    0.108362713    0.089607892
   16.865805661    0.110312190    0.091687234
   16.894151553    0.111898545    0.093380863
   16.922497445    0.113126190    0.094693226
   16.950843337    0.113999400    0.095627937
   16.979189228    0.114521744    0.096187669
   17.007535120    0.114695583    0.096374062
   17.035881012    0.114521744    0.096187669
   17.064226904    0.113999400    0.095627937
   17.092572796    0.113126190    0.094693226
   17.120918688    0.111898545    0.093380863
   17.149264580    0.110312190    0.091687234
   17.177610471    0.108362713    0.089607892
   17.205956363    0.106046122    0.087137679
   17.234302255    0.103359283    0.084270843
   17.262648147    0.100300147    0.081001140
   17.290994039    0.096867719    0.077321915
   17.319339931    0.093061723    0.073226150
   17.347685823    0.088882002    0.068706473
   17.376031715    0.084327710    0.063755140
   17.404377606    0.079396389    0.058363995
   17.432723498    0.074083074    0.052524405
   17.461069390    0.068379534    0.046227212
   17.489415282    0.062273802    0.039462689
   17.517761174    0.055750060    0.032220537
   17.546107066    0.048788932    0.024489918
   17.574452958    0.041368173    0.016259546
   17.602798849    0.033463679    0.007517826
   17.631144741    0.025050692   -0.001746955
   17.659490633    0.016105045   -0.011546402
   17.687836525    0.006604275   -0.021891758
   17.716182417   -0.003471559   -0.032793640
   17.744528309   -0.014139464   -0.044261784
   17.772874201   -0.025413575   -0.056304812
   17.801220093   -0.037305660   -0.068930017
   17.829565984   -0.049825994   -0.082143200
   17.857911876   -0.062984443   -0.095948520
   17.886257768   -0.076791553   -0.110348391
   17.914603660   -0.091259453   -0.125343389
   17.942949552   -0.106402357   -0.140932177
   17.971295444   -0.122236545   -0.157111439
   17.999641336   -0.138779742   -0.173875813
   18.027987227   -0.156049919   -0.191217834
   18.056333119   -0.174063621   -0.209127882
   18.084679011   -0.192834003   -0.227594140
   18.113024903   -0.212368797   -0.246602578
   18.141370795   -0.232668464   -0.266136963
   18.169716687   -0.253724736   -0.286178900
   18.198062579   -0.275519739   -0.306707898
   18.226408471   -0.298025782   -0.327701469
   18.254754362   -0.321205811   -0.349135228
   18.283100254   -0.345014482   -0.370982999
   18.311446146   -0.369399662   -0.393216906
   18.339792038   -0.394304208   -0.415807427
   18.368137930   -0.419667783   -0.438723420
   18.396483822   -0.445428540   -0.461932103
   18.424829714   -0.471524510   -0.485399005
   18.453175605   -0.497894615   -0.509087892
   18.481521497   -0.524479284   -0.532960700
   18.509867389   -0.551220695   -0.556977481
   18.538213281   -0.578062746   -0.581096392
   18.566559173   -0.604950847   -0.605273752
   18.594905065   -0.631831651   -0.629464160
   18.623250957   -0.658652795   -0.653620697
   18.651596849   -0.685362739   -0.677695185
   18.679942740   -0.711910676   -0.701638512
   18.708288632   -0.738246536   -0.725400977
   18.736634524   -0.764321014   -0.748932650
   18.764980416   -0.790085573   -0.772183710
   18.793326308   -0.815492396   -0.795104757
   18.821672200   -0.840494237   -0.817647062
   18.850018092   -0.865044199   -0.839762777
   18.878363983   -0.889095459   -0.861405083
   18.906709875   -0.912600998   -0.882528292
   18.935055767   -0.935513411   -0.903087928
   18.963401659   -0.957784834   -0.923040780
   18.991747551   -0.979367061   -0.942344955
   19.020093443   -1.000211820   -0.960959931
   19.048439335   -1.020271221   -0.978846625
   19.076785227   -1.039498294   -0.995967462
   19.105131118   -1.057847561   -1.012286459
   19.133477010   -1.075275548   -1.027769298
   19.161822902   -1.091741184   -1.042383402
   19.190168794   -1.107206026   -1.056097994
   19.218514686   -1.121634325   -1.068884151
   19.246860578   -1.134992927   -1.080714843
   19.275206470   -1.147251104   -1.091564970
   19.303552361   -1.158380349   -1.101411404
   19.331898253   -1.168354250   -1.110233039
   19.360244145   -1.177148465   -1.118010852
   19.388590037   -1.184740856   -1.124727986
   19.416935929   -1.191111776   -1.130369838
   19.445281821   -1.196244448   -1.134924159
   19.473627713   -1.200125402   -1.138381146
   19.501973605   -1.202744862   -1.140733519
   19.530319496   -1.204097024   -1.141976579
   19.558665388   -1.204180161   -1.142108229
   19.587011280   -1.202996540   -1.141128966
   19.615357172   -1.200552161   -1.139041840
   19.643703064   -1.196856366   -1.135852399
   19.672048956   -1.191921406   -1.131568613
   19.700394848   -1.185762033   -1.126200804
   19.728740739   -1.178395218   -1.119761592
   19.757086631   -1.169840013   -1.112265848
   19.785432523   -1.160117595   -1.103730673
   19.813778415   -1.149251456   -1.094175393
   19.842124307   -1.137267669   -1.083621552
   19.870470199   -1.124195150   -1.072092910
   19.898816091   -1.110065826   -1.059615415
   19.927161983   -1.094914643   -1.046217149
   19.955507874   -1.078779354   -1.031928243
   19.983853766   -1.061700117   -1.016780754
   20.012199658   -1.043718925   -1.000808519
   20.040545550   -1.024878978   -0.984046992
   20.068891442   -1.005224079   -0.966533080
   20.097237334   -0.984798176   -0.948304992
   20.125583226   -0.963645114   -0.929402107
   20.153929117   -0.941808654   -0.909864884
   20.182275009   -0.919332732   -0.889734782
   20.210620901   -0.896261905   -0.869054218
   20.238966793   -0.872641877   -0.847866513
   20.267312685   -0.848519985   -0.826215838
   20.295658577   -0.823945523   -0.804147122
   20.324004469   -0.798969816   -0.781705915
   20.352350361   -0.773646002   -0.758938200
   20.380696252   -0.748028534   -0.735890155
   20.409042144   -0.722172481   -0.712607866
   20.437388036   -0.696132736   -0.689137020
   20.465733928   -0.669963280   -0.665522591
   20.494079820   -0.643716634   -0.641808550
   20.522425712   -0.617443586   -0.618037618
   20.550771604   -0.591193251   -0.594251077
   20.579117495   -0.565013436   -0.570488649
   20.607463387   -0.538951209   -0.546788447
   20.635809279   -0.513053542   -0.523186979
   20.664155171   -0.487367853   -0.499719200
   20.692501063   -0.461942280   -0.476418579
   20.720846955   -0.436825551   -0.453317180
   20.749192847   -0.412066399   -0.430445718
   20.777538739   -0.387712523   -0.407833593
   20.805884630   -0.363809190   -0.385508892
   20.834230522   -0.340397653   -0.363498355
   20.862576414   -0.317513579   -0.341827322
   20.890922306   -0.295185720   -0.320519659
   20.919268198   -0.273435027   -0.299597673
   20.947614090   -0.252274334   -0.279082043
   20.975959982   -0.231708689   -0.258991744
   21.004305873   -0.211736308   -0.239343985
   21.032651765   -0.192350029   -0.220154157
   21.060997657   -0.173539104   -0.201435777
   21.089343549   -0.155291109   -0.183200438
   21.117689441   -0.137593751   -0.165457747
   21.146035333   -0.120436372   -0.148215274
   21.174381225   -0.103811010   -0.131478488
   21.202727117   -0.087712944   -0.115250722
   21.231073008   -0.072140703   -0.099533157
   21.259418900   -0.057095610   -0.084324847
   21.287764792   -0.042580969   -0.069622796
   21.316110684   -0.028601029   -0.055422091
   21.344456576   -0.015159862   -0.041716095
   21.372802468   -0.002260296   -0.028496696
   21.401148360    0.010097013   -0.015754580
   21.429494252    0.021914304   -0.003479541
   21.457840143    0.033197192    0.008339233
   21.486186035    0.043954924    0.019712882
   21.514531927    0.054200404    0.030652660
   21.542877819    0.063950045    0.041169765
   21.571223711    0.073223449    0.051275248
   21.599569603    0.082042948    0.060979978
   21.627915495    0.090433032    0.070294666
   21.656261386    0.098419662    0.079229930
   21.684607278    0.106029524    0.087796385
   21.712953170    0.113289214    0.096004733
   21.741299062    0.120224442    0.103865855
   21.769644954    0.126859273    0.111390866
   21.797990846    0.133215500    0.118591155
   21.826336738    0.139312182    0.125478383
   21.854682630    0.145165410    0.132064459
   21.883028521    0.150788322    0.138361482
   21.911374413    0.156191360    0.144381675
   21.939720305    0.161382736    0.150137297
   21.968066197    0.166369039    0.155640552
   21.996412089    0.171155904    0.160903493
   22.024757981    0.175748651    0.165937931
   22.053103873    0.180152803    0.170755337
   22.081449764    0.184374440    0.175366758
   22.109795656    0.188420332    0.179782733
   22.138141548    0.192297882    0.184013224
   22.166487440    0.196014895    0.188067560
   22.194833332    0.199579252    0.191954400
   22.223179224    0.202998546    0.195681722
   22.251525116    0.206279777    0.199256834
   22.279871008    0.209429141    0.202686418
   22.308216899    0.212451966    0.205976586
   22.336562791    0.215352783    0.209132969
   22.364908683    0.218135524    0.212160801
   22.393254575    0.220803779    0.215065015
   22.421600467    0.223361075    0.217850324
   22.449946359    0.225811106    0.220521289
   22.478292251    0.228157873    0.223082362
   22.506638142    0.230405722    0.225537910
   22.534984034    0.232559255    0.227892215
   22.563329926    0.234623175    0.230149454
   22.591675818    0.236602071    0.232313677
   22.620021710    0.238500216    0.234388776
   22.648367602    0.240321416    0.236378462
   22.676713494    0.242068926    0.238286251
   22.705059386    0.243745479    0.240115465
   22.733405277    0.245353384    0.241869248
   22.761751169    0.246894696    0.243550585
   22.790097061    0.248371400    0.245162331
   22.818442953    0.249785581    0.246707242
   22.846788845    0.251139536    0.248187992
   22.875134737    0.252435815    0.249607194
   22.903480629    0.253677180    0.250967397
   22.931826520    0.254866498    0.252271081
   22.960172412    0.256006590    0.253520646
   22.988518304    0.257100088    0.254718396
   23.016864196    0.258149305    0.255866525
   23.045210088    0.259156177    0.256967108
   23.073555980    0.260122259    0.258022101
   23.101901872    0.261048805    0.259033348
   23.130247764    0.261936879    0.260002598
   23.158593655    0.262787497    0.260931519
   23.186939547    0.263601763    0.261821721
   23.215285439    0.264380953    0.262674765
   23.243631331    0.265126558    0.263492181
   23.271977223    0.265840256    0.264275464
   23.300323115    0.266523832    0.265026071
   23.328669007    0.267179061    0.265745413
   23.357014898    0.267807597    0.266434843
   23.385360790    0.268410866    0.267095647
   23.413706682    0.268990010    0.267729034
   23.442052574    0.269545891    0.268336138
   23.470398466    0.270079138    0.268918024
   23.498744358    0.270590238    0.269475695
   23.527090250    0.271079653    0.270010107
   23.555436142    0.271547920    0.270522184
   23.583782033    0.271995730    0.271012827
   23.612127925    0.272423962    0.271482921
   23.640473817    0.272833658    0.271933338
   23.668819709    0.273225965    0.272364931
   23.697165601    0.273602039    0.272778530
   23.725511493    0.273962948    0.273174928
   23.753857385    0.274309590    0.273554876
   23.782203276    0.274642642    0.273919077
   23.810549168    0.274962555    0.274268183
   23.838895060    0.275269600    0.274602800
   23.867240952    0.275563938    0.274923498
   23.895586844    0.275845715    0.275230815
   23.923932736    0.276115148    0.275525275
   23.952278628    0.276372594    0.275807392
   23.980624520    0.276618570    0.276077677
   24.008970411    0.276853744    0.276336638
   24.037316303    0.277078879    0.276584774
   24.065662195    0.277294757    0.276822576
   24.094008087    0.277502092    0.277050511
   24.122353979    0.277701461    0.277269017
   24.150699871    0.277893264    0.277478500
   24.179045763    0.278077717    0.277679334
   24.207391654    0.278254885    0.277871858
   24.235737546    0.278424751    0.278056389
   24.264083438    0.278587288    0.278233226
   24.292429330    0.278742539    0.278402660
   24.320775222    0.278890672    0.278564983
   24.349121114    0.279032000    0.278720487
   24.377467006    0.279166970    0.278869469
   24.405812898    0.279296116    0.279012225
   24.434158789    0.279419995    0.279149047
   24.462504681    0.279539109    0.279280211
   24.490850573    0.279653846    0.279405977
   24.519196465    0.279764445    0.279526579
   24.547542357    0.279870988    0.279642228
   24.575888249    0.279973434    0.279753111
   24.604234141    0.280071671    0.279859402
   24.632580032    0.280165589    0.279961261
   24.660925924    0.280255138    0.280058848
   24.689271816    0.280340385    0.280152327
   24.717617708    0.280421527    0.280241866
   24.745963600    0.280498882    0.280327641
   24.774309492    0.280572847    0.280409831
   24.802655384    0.280643841    0.280488611
   24.831001276    0.280712235    0.280564151
   24.859347167    0.280778305    0.280636604
   24.887693059    0.280842194    0.280706107
   24.916038951    0.280903910    0.280772778
   24.944384843    0.280963355    0.280836719
   24.972730735    0.281020374    0.280898019
   25.001076627    0.281074812    0.280956763
   25.029422519    0.281126578    0.281013036
   25.057768410    0.281175682    0.281066927
   25.086114302    0.281222253    0.281118536
   25.114460194    0.281266532    0.281167967
   25.142806086    0.281308829    0.281215332
   25.171151978    0.281349473    0.281260739
   25.199497870    0.281388755    0.281304295
   25.227843762    0.281426876    0.281346091
   25.256189654    0.281463922    0.281386209
   25.284535545    0.281499860    0.281424712
   25.312881437    0.281534565    0.281461653
   25.341227329    0.281567860    0.281497075
   25.369573221    0.281599576    0.281531018
   25.397919113    0.281629600    0.281563525
   25.426265005    0.281657916    0.281594645
   25.454610897    0.281684614    0.281624435
   25.482956788    0.281709887    0.281652960
   25.511302680    0.281733989    0.281680291
   25.539648572    0.281757193    0.281706499
   25.567994464    0.281779733    0.281731651
   25.596340356    0.281801766    0.281755805
   25.624686248    0.281823342    0.281779008
   25.653032140    0.281844407    0.281801293
   25.681378032    0.281864822    0.281822686
   25.709723923    0.281884408    0.281843203
   25.738069815    0.281902991    0.281862860
   25.766415707    0.281920455    0.281881675
   25.794761599    0.281936769    0.281899675
   25.823107491    0.281952005    0.281916893
   25.851453383    0.281966325    0.281933372
   25.879799275    0.281979948    0.281949159
   25.908145167    0.281993106    0.281964301
   25.936491058    0.282005999    0.281978846
   25.964836950    0.282018752    0.281992828
   25.993182842    0.282031393    0.282006277
   26.021528734    0.282043856    0.282019208
   26.049874626    0.282056000    0.282031631
   26.078220518    0.282067647    0.282043547
   26.106566410    0.282078628    0.282054960
   26.134912301    0.282088829    0.282065875
   26.163258193    0.282098214    0.282076304
   26.191604085    0.282106846    0.282086269
   26.219949977    0.282114864    0.282095798
   26.248295869    0.282122466    0.282104925
   26.276641761    0.282129854    0.282113686
   26.304987653    0.282137203    0.282122110
   26.333333545    0.282144616    0.282130225
   26.361679436    0.282152106    0.282138045
   26.390025328    0.282159601    0.282145577
   26.418371220    0.282166959    0.282152822
   26.446717112    0.282174009    0.282159773
   26.475063004    0.282180590    0.282166426
   26.503408896    0.282186591    0.282172779
   26.531754788    0.282191979    0.282178838
   26.560100679    0.282196808    0.282184617
   26.588446571    0.282201207    0.282190137
   26.616792463    0.282205353    0.282195422
   26.645138355    0.282209432    0.282200500
   26.673484247    0.282213596    0.282205394
   26.701830139    0.282217933    0.282210121
   26.730176031    0.282222447    0.282214691
   26.758521923    0.282227061    0.282219105
   26.786867814    0.282231637    0.282223357
   26.815213706    0.282236010    0.282227437
   26.843559598    0.282240028    0.282231338
   26.871905490    0.282243587    0.282235054
   26.900251382    0.282246656    0.282238587
   26.928597274    0.282249287    0.282241947
   26.956943166    0.282251600    0.282245148
   26.985289057    0.282253760    0.282248213
   27.013634949    0.282255937    0.282251162
   27.041980841    0.282258267    0.282254014
   27.070326733    0.282260826    0.282256781
   27.098672625    0.282263612    0.282259470
   27.127018517    0.282266547    0.282262077
   27.155364409    0.282269496    0.282264595
   27.183710301    0.282272300    0.282267011
   27.212056192    0.282274817    0.282269316
   27.240402084    0.282276950    0.282271503
   27.268747976    0.282278671    0.282273571
   27.297093868    0.282280031    0.282275527
   27.325439760    0.282281146    0.282277386
   27.353785652    0.282282168    0.282279164
   27.382131544    0.282283255    0.282280879
   27.410477435    0.282284533    0.282282548
   27.438823327    0.282286068    0.282284179
   27.467169219    0.282287851    0.282285776
   27.495515111    0.282289804    0.282287333
   27.523861003    0.282291796    0.282288843
   27.552206895    0.282293677    0.282290291
   27.580552787    0.282295311    0.282291667
   27.608898679    0.282296608    0.282292964
   27.637244570    0.282297545    0.282294181
   27.665590462    0.282298173    0.282295323
   27.693936354    0.282298602    0.282296401
   27.722282246    0.282298976    0.282297432
   27.750628138    0.282299443    0.282298432
   27.778974030    0.282300119    0.282299412
   27.807319922    0.282301061    0.282300382
   27.835665813    0.282302257    0.282301343
   27.864011705    0.282303628    0.282302288
   27.892357597    0.282305050    0.282303208
   27.920703489    0.282306377    0.282304091
   27.949049381    0.282307482    0.282304924
   27.977395273    0.282308282    0.282305701
   28.005741165    0.282308759    0.282306420
   28.034087057    0.282308964    0.282307086
   28.062432948    0.282309001    0.282307710
   28.090778840    0.282309009    0.282308306
   28.119124732    0.282309125    0.282308887
   28.147470624    0.282309457    0.282309467
   28.175816516    0.282310055    0.282310050
   28.204162408    0.282310903    0.282310637
   28.232508300    0.282311923    0.282311223
   28.260854191    0.282312994    0.282311796
   28.289200083    0.282313979    0.282312344
   28.317545975    0.282314758    0.282312857
   28.345891867    0.282315256    0.282313327
   28.374237759    0.282315459    0.282313753
   28.402583651    0.282315418    0.282314139
   28.430929543    0.282315235    0.282314496
   28.459275435    0.282315043    0.282314837
   28.487621326    0.282314969    0.282315175
   28.515967218    0.282315112    0.282315519
   28.544313110    0.282315515    0.282315875
   28.572659002    0.282316159    0.282316243
   28.601004894    0.282316967    0.282316616
   28.629350786    0.282317819    0.282316983
   28.657696678    0.282318587    0.282317333
   28.686042569    0.282319158    0.282317655
   28.714388461    0.282319465    0.282317942
   28.742734353    0.282319499    0.282318194
   28.771080245    0.282319313    0.282318415
   28.799426137    0.282319007    0.282318615
   28.827772029    0.282318707    0.282318806
   28.856117921    0.282318535    0.282319000
   28.884463813    0.282318581    0.282319207
   28.912809704    0.282318880    0.282319430
   28.941155596    0.282319410    0.282319668
   28.969501488    0.282320092    0.282319915
   28.997847380    0.282320809    0.282320160
   29.026193272    0.282321438    0.282320391
   29.054539164    0.282321874    0.282320598
   29.082885056    0.282322056    0.282320775
   29.111230947    0.282321980    0.282320922
   29.139576839    0.282321702    0.282321043
   29.167922731    0.282321322    0.282321148
   29.196268623    0.282320962    0.282321248
   29.224614515    0.282320738    0.282321355
   29.252960407    0.282320732    0.282321477
   29.281306299    0.282320977    0.282321617
   29.309652191    0.282321442    0.282321775
   29.337998082    0.282322049    0.282321942
   29.366343974    0.282322684    0.282322108
   29.394689866    0.282323226    0.282322262
   29.423035758    0.282323576    0.282322395
   29.451381650    0.282323678    0.282322501
   29.479727542    0.282323532    0.282322580
   29.508073434    0.282323195    0.282322637
   29.536419325    0.282322767    0.282322681
   29.564765217    0.282322367    0.282322724
   29.593111109    0.282322105    0.282322777
   29.621457001    0.282322059    0.282322846
   29.649802893    0.282322256    0.282322935
   29.678148785    0.282322665    0.282323042
   29.706494677    0.282323205    0.282323159
   29.734840569    0.282323766    0.282323276
   29.763186460    0.282324233    0.282323382
   29.791532352    0.282324510    0.282323468
   29.819878244    0.282324549    0.282323530
   29.848224136    0.282324354    0.282323566
   29.876570028    0.282323983    0.282323583
   29.904915920    0.282323534    0.282323590
   29.933261812    0.282323123    0.282323597
   29.961607703    0.282322856    0.282323615
   29.989953595    0.282322804    0.282323652
   30.018299487    0.282322988    0.282323709
   30.046645379    0.282323375    0.282323784
   30.074991271    0.282323883    0.282323870
   30.103337163    0.282324404    0.282323956
   30.131683055    0.282324826    0.282324032
   30.160028947    0.282325059    0.282324090
   30.188374838    0.282325060    0.282324124
   30.216720730    0.282324836    0.282324136
   30.245066622    0.282324448    0.282324131
   30.273412514    0.282323994    0.282324118
   30.301758406    0.282323586    0.282324107
   30.330104298    0.282323325    0.282324109
   30.358450190    0.282323277    0.282324130
   30.386796081    0.282323459    0.282324171
   30.415141973    0.282323834    0.282324230
   30.443487865    0.282324321    0.282324300
   30.471833757    0.282324811    0.282324369
   30.500179649    0.282325198    0.282324429
   30.528525541    0.282325397    0.282324470
   30.556871433    0.282325367    0.282324490
   30.585217325    0.282325123    0.282324488
   30.613563216    0.282324725    0.282324470
   30.641909108    0.282324271    0.282324446
   30.670255000    0.282323871    0.282324426
   30.698600892    0.282323622    0.282324419
   30.726946784    0.282323584    0.282324431
   30.755292676    0.282323770    0.282324463
   30.783638568    0.282324139    0.282324513
   30.811984460    0.282324611    0.282324572
   30.840330351    0.282325078    0.282324631
   30.868676243    0.282325436    0.282324680
   30.897022135    0.282325606    0.282324711
   30.925368027    0.282325552    0.282324720
   30.953713919    0.282325291    0.282324709
   30.982059811    0.282324888    0.282324684
   31.010405703    0.282324438    0.282324654
   31.038751594    0.282324049    0.282324628
   31.067097486    0.282323814    0.282324617
   31.095443378    0.282323789    0.282324624
   31.123789270    0.282323982    0.282324652
   31.152135162    0.282324350    0.282324696
   31.180481054    0.282324811    0.282324749
   31.208826946    0.282325258    0.282324801
   31.237172838    0.282325592    0.282324842
   31.265518729    0.282325737    0.282324866
   31.293864621    0.282325662    0.282324869
   31.322210513    0.282325389    0.282324852
   31.350556405    0.282324981    0.282324822
   31.378902297    0.282324537    0.282324788
   31.407248189    0.282324161    0.282324760
   31.435594081    0.282323942    0.282324746
   31.463939972    0.282323931    0.282324751
   31.492285864    0.282324134    0.282324776
   31.520631756    0.282324503    0.282324817
   31.548977648    0.282324954    0.282324866
   31.577323540    0.282325385    0.282324913
   31.605669432    0.282325697    0.282324950
   31.634015324    0.282325820    0.282324968
   31.662361216    0.282325727    0.282324966
   31.690707107    0.282325441    0.282324945
   31.719052999    0.282325031    0.282324912
   31.747398891    0.282324593    0.282324876
   31.775744783    0.282324231    0.282324847
   31.804090675    0.282324028    0.282324832
   31.832436567    0.282324033    0.282324836
   31.860782459    0.282324246    0.282324860
   31.889128350    0.282324617    0.282324900
   31.917474242    0.282325062    0.282324946
   31.945820134    0.282325478    0.282324989
   31.974166026    0.282325770    0.282325022
   32.002511918    0.282325872    0.282325036
   32.030857810    0.282325761    0.282325030
   32.059203702    0.282325465    0.282325006
   32.087549594    0.282325053    0.282324971
   32.115895485    0.282324622    0.282324934
   32.144241377    0.282324273    0.282324905
   32.172587269    0.282324087    0.282324890
   32.200933161    0.282324108    0.282324895
   32.229279053    0.282324332    0.282324918
   32.257624945    0.282324706    0.282324956
   32.285970837    0.282325146    0.282325001
   32.314316728    0.282325549    0.282325042
   32.342662620    0.282325822    0.282325071
   32.371008512    0.282325905    0.282325082
   32.399354404    0.282325777    0.282325073
   32.427700296    0.282325471    0.282325047
   32.456046188    0.282325057    0.282325011
   32.484392080    0.282324633    0.282324973
   32.512737972    0.282324297    0.282324944
   32.541083863    0.282324128    0.282324930
   32.569429755    0.282324165    0.282324935
   32.597775647    0.282324401    0.282324959
   32.626121539    0.282324779    0.282324996
   32.654467431    0.282325214    0.282325039
   32.682813323    0.282325605    0.282325078
   32.711159215    0.282325861    0.282325105
   32.739505106    0.282325924    0.282325113
   32.767850998    0.282325780    0.282325102
   32.796196890    0.282325464    0.282325074
   32.824542782    0.282325048    0.282325037
   32.852888674    0.282324631    0.282324999
   32.881234566    0.282324308    0.282324970
   32.909580458    0.282324156    0.282324957
   32.937926350    0.282324210    0.282324963
   32.966272241    0.282324457    0.282324987
   32.994618133    0.282324840    0.282325025
   33.022964025    0.282325271    0.282325066
   33.051309917    0.282325650    0.282325103
   33.079655809    0.282325889    0.282325127
   33.108001701    0.282325934    0.282325133
   33.136347593    0.282325774    0.282325120
   33.164693484    0.282325448    0.282325090
   33.193039376    0.282325030    0.282325052
   33.221385268    0.282324619    0.282325014
   33.249731160    0.282324310    0.282324986
   33.278077052    0.282324175    0.282324974
   33.306422944    0.282324245    0.282324981
   33.334768836    0.282324503    0.282325006
   33.363114728    0.282324892    0.282325044
   33.391460619    0.282325319    0.282325085
   33.419806511    0.282325687    0.282325120
   33.448152403    0.282325910    0.282325142
   33.476498295    0.282325937    0.282325145
   33.504844187    0.282325761    0.282325130
   33.533190079    0.282325425    0.282325099
   33.561535971    0.282325005    0.282325060
   33.589881862    0.282324600    0.282325022
   33.618227754    0.282324304    0.282324995
   33.646573646    0.282324185    0.282324984
   33.674919538    0.282324271    0.282324992
   33.703265430    0.282324543    0.282325018
   33.731611322    0.282324936    0.282325056
   33.759957214    0.282325360    0.282325096
   33.788303106    0.282325717    0.282325130
   33.816648997    0.282325924    0.282325149
   33.844994889    0.282325933    0.282325150
   33.873340781    0.282325742    0.282325133
   33.901686673    0.282325395    0.282325100
   33.930032565    0.282324974    0.282325061
   33.958378457    0.282324575    0.282325023
   33.986724349    0.282324291    0.282324997
