    0.000000000    0.338807398    0.338804784
    0.023621577    0.338807166    0.338804764
    0.047243153    0.338806509    0.338804708
    0.070864730    0.338805535    0.338804624
    0.094486306    0.338804405    0.338804526
    0.118107883    0.338803305    0.338804430
    0.141729459    0.338802417    0.338804352
    0.165351036    0.338801887    0.338804303
    0.188972612    0.338801802    0.338804291
    0.212594189    0.338802175    0.338804317
    0.236215766    0.338802943    0.338804376
    0.259837342    0.338803980    0.338804456
    0.283458919    0.338805111    0.338804544
    0.307080495    0.338806149    0.338804623
    0.330702072    0.338806921    0.338804679
    0.354323648    0.338807296    0.338804701
    0.377945225    0.338807213    0.338804683
    0.401566801    0.338806682    0.338804627
    0.425188378    0.338805788    0.338804539
    0.448809955    0.338804679    0.338804433
    0.472431531    0.338803534    0.338804323
    0.496053108    0.338802541    0.338804225
    0.519674684    0.338801862    0.338804154
    0.543296261    0.338801607    0.338804117
    0.566917837    0.338801815    0.338804119
    0.590539414    0.338802449    0.338804155
    0.614160990    0.338803402    0.338804218
    0.637782567    0.338804513    0.338804293
    0.661404144    0.338805596    0.338804365
    0.685025720    0.338806467    0.338804417
    0.708647297    0.338806980    0.338804439
    0.732268873    0.338807044    0.338804421
    0.755890450    0.338806647    0.338804364
    0.779512026    0.338805849    0.338804272
    0.803133603    0.338804777    0.338804157
    0.826755179    0.338803606    0.338804032
    0.850376756    0.338802522    0.338803914
    0.873998333    0.338801703    0.338803817
    0.897619909    0.338801278    0.338803754
    0.921241486    0.338801313    0.338803728
    0.944863062    0.338801797    0.338803738
    0.968484639    0.338802646    0.338803779
    0.992106215    0.338803714    0.338803836
    1.015727792    0.338804819    0.338803895
    1.039349368    0.338805772    0.338803940
    1.062970945    0.338806409    0.338803957
    1.086592522    0.338806619    0.338803936
    1.110214098    0.338806360    0.338803874
    1.133835675    0.338805668    0.338803775
    1.157457251    0.338804650    0.338803647
    1.181078828    0.338803466    0.338803504
    1.204700404    0.338802306    0.338803362
    1.228321981    0.338801354    0.338803236
    1.251943557    0.338800759    0.338803140
    1.275565134    0.338800613    0.338803079
    1.299186711    0.338800932    0.338803057
    1.322808287    0.338801655    0.338803066
    1.346429864    0.338802654    0.338803096
    1.370051440    0.338803756    0.338803133
    1.393673017    0.338804768    0.338803160
    1.417294593    0.338805515    0.338803162
    1.440916170    0.338805862    0.338803127
    1.464537746    0.338805741    0.338803051
    1.488159323    0.338805162    0.338802934
    1.511780900    0.338804208    0.338802783
    1.535402476    0.338803026    0.338802611
    1.559024053    0.338801799    0.338802434
    1.582645629    0.338800719    0.338802267
    1.606267206    0.338799952    0.338802125
    1.629888782    0.338799613    0.338802017
    1.653510359    0.338799744    0.338801946
    1.677131935    0.338800311    0.338801909
    1.700753512    0.338801206    0.338801897
    1.724375089    0.338802268    0.338801896
    1.747996665    0.338803304    0.338801890
    1.771618242    0.338804128    0.338801862
    1.795239818    0.338804586    0.338801800
    1.818861395    0.338804584    0.338801696
    1.842482971    0.338804103    0.338801548
    1.866104548    0.338803205    0.338801362
    1.889726124    0.338802018    0.338801149
    1.913347701    0.338800717    0.338800923
    1.936969278    0.338799497    0.338800701
    1.960590854    0.338798539    0.338800498
    1.984212431    0.338797980    0.338800326
    2.007834007    0.338797892    0.338800189
    2.031455584    0.338798266    0.338800087
    2.055077160    0.338799019    0.338800013
    2.078698737    0.338800003    0.338799953
    2.102320313    0.338801031    0.338799892
    2.125941890    0.338801907    0.338799813
    2.149563467    0.338802462    0.338799701
    2.173185043    0.338802576    0.338799547
    2.196806620    0.338802202    0.338799348
    2.220428196    0.338801373    0.338799105
    2.244049773    0.338800198    0.338798828
    2.267671349    0.338798839    0.338798532
    2.291292926    0.338797491    0.338798232
    2.314914502    0.338796344    0.338797944
    2.338536079    0.338795558    0.338797682
    2.362157656    0.338795228    0.338797454
    2.385779232    0.338795376    0.338797259
    2.409400809    0.338795943    0.338797094
    2.433022385    0.338796799    0.338796946
    2.456643962    0.338797765    0.338796799
    2.480265538    0.338798644    0.338796638
    2.503887115    0.338799249    0.338796445
    2.527508691    0.338799439    0.338796210
    2.551130268    0.338799140    0.338795925
    2.574751845    0.338798357    0.338795592
    2.598373421    0.338797174    0.338795218
    2.621994998    0.338795740    0.338794815
    2.645616574    0.338794245    0.338794399
    2.669238151    0.338792887    0.338793988
    2.692859727    0.338791841    0.338793594
    2.716481304    0.338791231    0.338793228
    2.740102880    0.338791103    0.338792894
    2.763724457    0.338791428    0.338792588
    2.787346034    0.338792094    0.338792299
    2.810967610    0.338792934    0.338792014
    2.834589187    0.338793750    0.338791714
    2.858210763    0.338794344    0.338791383
    2.881832340    0.338794554    0.338791006
    2.905453916    0.338794278    0.338790576
    2.929075493    0.338793492    0.338790090
    2.952697069    0.338792255    0.338789554
    2.976318646    0.338790698    0.338788977
    2.999940223    0.338789004    0.338788377
    3.023561799    0.338787377    0.338787769
    3.047183376    0.338786006    0.338787169
    3.070804952    0.338785038    0.338786588
    3.094426529    0.338784550    0.338786033
    3.118048105    0.338784539    0.338785501
    3.141669682    0.338784917    0.338784984
    3.165291258    0.338785533    0.338784469
    3.188912835    0.338786188    0.338783938
    3.212534412    0.338786677    0.338783372
    3.236155988    0.338786818    0.338782756
    3.259777565    0.338786480    0.338782079
    3.283399141    0.338785610    0.338781335
    3.307020718    0.338784239    0.338780528
    3.330642294    0.338782476    0.338779667
    3.354263871    0.338780494    0.338778765
    3.377885447    0.338778497    0.338777839
    3.401507024    0.338776689    0.338776907
    3.425128601    0.338775238    0.338775980
    3.448750177    0.338774252    0.338775067
    3.472371754    0.338773756    0.338774169
    3.495993330    0.338773690    0.338773278
    3.519614907    0.338773919    0.338772381
    3.543236483    0.338774253    0.338771462
    3.566858060    0.338774479    0.338770501
    3.590479636    0.338774396    0.338769479
    3.614101213    0.338773848    0.338768384
    3.637722790    0.338772749    0.338767206
    3.661344366    0.338771101    0.338765946
    3.684965943    0.338768986    0.338764610
    3.708587519    0.338766562    0.338763211
    3.732209096    0.338764029    0.338761765
    3.755830672    0.338761601    0.338760288
    3.779452249    0.338759468    0.338758795
    3.803073825    0.338757765    0.338757296
    3.826695402    0.338756549    0.338755793
    3.850316979    0.338755790    0.338754281
    3.873938555    0.338755374    0.338752748
    3.897560132    0.338755122    0.338751177
    3.921181708    0.338754819    0.338749547
    3.944803285    0.338754247    0.338747838
    3.968424861    0.338753227    0.338746033
    3.992046438    0.338751639    0.338744121
    4.015668015    0.338749450    0.338742098
    4.039289591    0.338746715    0.338739966
    4.062911168    0.338743570    0.338737737
    4.086532744    0.338740208    0.338735424
    4.110154321    0.338736847    0.338733044
    4.133775897    0.338733695    0.338730612
    4.157397474    0.338730916    0.338728140
    4.181019050    0.338728598    0.338725630
    4.204640627    0.338726741    0.338723081
    4.228262204    0.338725259    0.338720480
    4.251883780    0.338723986    0.338717810
    4.275505357    0.338722709    0.338715050
    4.299126933    0.338721200    0.338712176
    4.322748510    0.338719251    0.338709168
    4.346370086    0.338716714    0.338706011
    4.369991663    0.338713519    0.338702696
    4.393613239    0.338709686    0.338699223
    4.417234816    0.338705328    0.338695597
    4.440856393    0.338700622    0.338691830
    4.464477969    0.338695788    0.338687939
    4.488099546    0.338691049    0.338683938
    4.511721122    0.338686590    0.338679837
    4.535342699    0.338682535    0.338675643
    4.558964275    0.338678916    0.338671352
    4.582585852    0.338675674    0.338666954
    4.606207428    0.338672664    0.338662430
    4.629829005    0.338669677    0.338657758
    4.653450582    0.338666475    0.338652910
    4.677072158    0.338662831    0.338647862
    4.700693735    0.338658561    0.338642593
    4.724315311    0.338653557    0.338637090
    4.747936888    0.338647804    0.338631345
    4.771558464    0.338641382    0.338625361
    4.795180041    0.338634450    0.338619145
    4.818801617    0.338627221    0.338612709
    4.842423194    0.338619927    0.338606066
    4.866044771    0.338612777    0.338599227
    4.889666347    0.338605924    0.338592196
    4.913287924    0.338599435    0.338584969
    4.936909500    0.338593280    0.338577536
    4.960531077    0.338587337    0.338569876
    4.984152653    0.338581406    0.338561963
    5.007774230    0.338575244    0.338553766
    5.031395806    0.338568601    0.338545254
    5.055017383    0.338561261    0.338536400
    5.078638960    0.338553074    0.338527182
    5.102260536    0.338543984    0.338517585
    5.125882113    0.338534032    0.338507604
    5.149503689    0.338523352    0.338497241
    5.173125266    0.338512144    0.338486501
    5.196746842    0.338500644    0.338475393
    5.220368419    0.338489077    0.338463924
    5.243989995    0.338477624    0.338452097
    5.267611572    0.338466387    0.338439905
    5.291233149    0.338455368    0.338427333
    5.314854725    0.338444468    0.338414358
    5.338476302    0.338433502    0.338400947
    5.362097878    0.338422221    0.338387063
    5.385719455    0.338410354    0.338372667
    5.409341031    0.338397652    0.338357721
    5.432962608    0.338383922    0.338342193
    5.456584184    0.338369058    0.338326057
    5.480205761    0.338353056    0.338309295
    5.503827338    0.338336016    0.338291900
    5.527448914    0.338318117    0.338273868
    5.551070491    0.338299588    0.338255199
    5.574692067    0.338280667    0.338235893
    5.598313644    0.338261558    0.338215944
    5.621935220    0.338242396    0.338195341
    5.645556797    0.338223214    0.338174062
    5.669178373    0.338203942    0.338152075
    5.692799950    0.338184405    0.338129337
    5.716421527    0.338164353    0.338105801
    5.740043103    0.338143497    0.338081414
    5.763664680    0.338121549    0.338056123
    5.787286256    0.338098265    0.338029878
    5.810907833    0.338073485    0.338002639
    5.834529409    0.338047152    0.337974370
    5.858150986    0.338019315    0.337945045
    5.881772562    0.337990122    0.337914645
    5.905394139    0.337959785    0.337883155
    5.929015716    0.337928545    0.337850560
    5.952637292    0.337896623    0.337816842
    5.976258869    0.337864178    0.337781975
    5.999880445    0.337831275    0.337745923
    6.023502022    0.337797867    0.337708638
    6.047123598    0.337763794    0.337670063
    6.070745175    0.337728803    0.337630129
    6.094366751    0.337692579    0.337588762
    6.117988328    0.337654793    0.337545886
    6.141609905    0.337615143    0.337501425
    6.165231481    0.337573402    0.337455310
    6.188853058    0.337529441    0.337407480
    6.212474634    0.337483248    0.337357880
    6.236096211    0.337434918    0.337306463
    6.259717787    0.337384634    0.337253189
    6.283339364    0.337332619    0.337198016
    6.306960940    0.337279100    0.337140901
    6.330582517    0.337224253    0.337081792
    6.354204094    0.337168165    0.337020628
    6.377825670    0.337110809    0.336957333
    6.401447247    0.337052032    0.336891819
    6.425068823    0.336991573    0.336823985
    6.448690400    0.336929088    0.336753722
    6.472311976    0.336864192    0.336680913
    6.495933553    0.336796514    0.336605444
    6.519555129    0.336725739    0.336527201
    6.543176706    0.336651650    0.336446077
    6.566798283    0.336574146    0.336361972
    6.590419859    0.336493248    0.336274794
    6.614041436    0.336409079    0.336184456
    6.637663012    0.336321828    0.336090873
    6.661284589    0.336231704    0.335993954
    6.684906165    0.336138883    0.335893603
    6.708527742    0.336043460    0.335789712
    6.732149318    0.335945413    0.335682155
    6.755770895    0.335844591    0.335570792
    6.779392472    0.335740707    0.335455466
    6.803014048    0.335633375    0.335336009
    6.826635625    0.335522140    0.335212239
    6.850257201    0.335406534    0.335083974
    6.873878778    0.335286132    0.334951028
    6.897500354    0.335160592    0.334813221
    6.921121931    0.335029692    0.334670375
    6.944743507    0.334893339    0.334522323
    6.968365084    0.334751561    0.334368897
    6.991986661    0.334604473    0.334209935
    7.015608237    0.334452234    0.334045267
    7.039229814    0.334294986    0.333874716
    7.062851390    0.334132806    0.333698090
    7.086472967    0.333965653    0.333515177
    7.110094543    0.333793347    0.333325746
    7.133716120    0.333615556    0.333129545
    7.157337696    0.333431817    0.332926301
    7.180959273    0.333241571    0.332715727
    7.204580850    0.333044217    0.332497525
    7.228202426    0.332839166    0.332271390
    7.251824003    0.332625902    0.332037018
    7.275445579    0.332404022    0.331794103
    7.299067156    0.332173257    0.331542346
    7.322688732    0.331933477    0.331281449
    7.346310309    0.331684662    0.331011111
    7.369931885    0.331426860    0.330731028
    7.393553462    0.331160128    0.330440881
    7.417175039    0.330884468    0.330140334
    7.440796615    0.330599775    0.329829027
    7.464418192    0.330305790    0.329506572
    7.488039768    0.330002086    0.329172553
    7.511661345    0.329688072    0.328826524
    7.535282921    0.329363022    0.328468018
    7.558904498    0.329026131    0.328096545
    7.582526074    0.328676572    0.327711600
    7.606147651    0.328313566    0.327312672
    7.629769228    0.327936433    0.326899242
    7.653390804    0.327544631    0.326470791
    7.677012381    0.327137772    0.326026797
    7.700633957    0.326715600    0.325566731
    7.724255534    0.326277957    0.325090055
    7.747877110    0.325824723    0.324596211
    7.771498687    0.325355745    0.324084618
    7.795120263    0.324870765    0.323554662
    7.818741840    0.324369373    0.323005691
    7.842363417    0.323850960    0.322437012
    7.865984993    0.323314719    0.321847890
    7.889606570    0.322759663    0.321237552
    7.913228146    0.322184669    0.320605190
    7.936849723    0.321588550    0.319949968
    7.960471299    0.320970124    0.319271029
    7.984092876    0.320328286    0.318567497
    8.007714452    0.319662063    0.317838486
    8.031336029    0.318970642    0.317083100
    8.054957606    0.318253373    0.316300424
    8.078579182    0.317509733    0.315489529
    8.102200759    0.316739273    0.314649456
    8.125822335    0.315941536    0.313779210
    8.149443912    0.315115979    0.312877749
    8.173065488    0.314261897    0.311943980
    8.196687065    0.313378362    0.310976746
    8.220308641    0.312464201    0.309974831
    8.243930218    0.311517997    0.308936953
    8.267551795    0.310538129    0.307861777
    8.291173371    0.309522838    0.306747915
    8.314794948    0.308470310    0.305593938
    8.338416524    0.307378763    0.304398381
    8.362038101    0.306246524    0.303159752
    8.385659677    0.305072087    0.301876533
    8.409281254    0.303854126    0.300547179
    8.432902830    0.302591488    0.299170116
    8.456524407    0.301283136    0.297743724
    8.480145984    0.299928068    0.296266335
    8.503767560    0.298525222    0.294736211
    8.527389137    0.297073374    0.293151535
    8.551010713    0.295571049    0.291510400
    8.574632290    0.294016468    0.289810802
    8.598253866    0.292407521    0.288050635
    8.621875443    0.290741790    0.286227702
    8.645497019    0.289016612    0.284339715
    8.669118596    0.287229164    0.282384312
    8.692740173    0.285376578    0.280359071
    8.716361749    0.283456049    0.278261517
    8.739983326    0.281464923    0.276089138
    8.763604902    0.279400762    0.273839387
    8.787226479    0.277261356    0.271509677
    8.810848055    0.275044689    0.269097370
    8.834469632    0.272748861    0.266599756
    8.858091208    0.270371976    0.264014027
    8.881712785    0.267912003    0.261337241
    8.905334362    0.265366644    0.258566286
    8.928955938    0.262733217    0.255697838
    8.952577515    0.260008587    0.252728331
    8.976199091    0.257189135    0.249653919
    8.999820668    0.254270793    0.246470454
    9.023442244    0.251249142    0.243173469
    9.047063821    0.248119536    0.239758171
    9.070685397    0.244877273    0.236219440
    9.094306974    0.241517758    0.232551840
    9.117928551    0.238036649    0.228749636
    9.141550127    0.234429961    0.224806813
    9.165171704    0.230694102    0.220717106
    9.188793280    0.226825840    0.216474028
    9.212414857    0.222822189    0.212070902
    9.236036433    0.218680223    0.207500896
    9.259658010    0.214396839    0.202757056
    9.283279586    0.209968479    0.197832346
    9.306901163    0.205390849    0.192719682
    9.330522740    0.200658659    0.187411972
    9.354144316    0.195765402    0.181902149
    9.377765893    0.190703203    0.176183211
    9.401387469    0.185462748    0.170248243
    9.425009046    0.180033287    0.164090450
    9.448630622    0.174402736    0.157703166
    9.472252199    0.168557836    0.151079863
    9.495873775    0.162484380    0.144214143
    9.519495352    0.156167485    0.137099725
    9.543116929    0.149591882    0.129730415
    9.566738505    0.142742224    0.122100071
    9.590360082    0.135603387    0.114202565
    9.613981658    0.128160761    0.106031744
    9.637603235    0.120400522    0.097581394
    9.661224811    0.112309881    0.088845218
    9.684846388    0.103877312    0.079816830
    9.708467964    0.095092739    0.070489759
    9.732089541    0.085947698    0.060857494
    9.755711118    0.076435449    0.050913528
    9.779332694    0.066551033    0.040651445
    9.802954271    0.056291260    0.030065012
    9.826575847    0.045654624    0.019148291
    9.850197424    0.034641122    0.007895757
    9.873819000    0.023251996   -0.003697581
    9.897440577    0.011489377   -0.015636063
    9.921062153   -0.000644131   -0.027923272
    9.944683730   -0.013145917   -0.040561942
    9.968305307   -0.026013840   -0.053553888
    9.991926883   -0.039246675   -0.066899947
   10.015548460   -0.052844489   -0.080599945
   10.039170036   -0.066808902   -0.094652682
   10.062791613   -0.081143200   -0.109055923
   10.086413189   -0.095852262   -0.123806414
   10.110034766   -0.110942310   -0.138899887
   10.133656342   -0.126420474   -0.154331090
   10.157277919   -0.142294197   -0.170093801
   10.180899496   -0.158570526   -0.186180852
   10.204521072   -0.175255339   -0.202584153
   10.228142649   -0.192352569   -0.219294706
   10.251764225   -0.209863495   -0.236302634
   10.275385802   -0.227786146   -0.253597201
   10.299007378   -0.246114885   -0.271166835
   10.322628955   -0.264840186   -0.288999162
   10.346250531   -0.283948640   -0.307081035
   10.369872108   -0.303423158   -0.325398568
   10.393493685   -0.323243366   -0.343937168
   10.417115261   -0.343386129   -0.362681564
   10.440736838   -0.363826169   -0.381615835
   10.464358414   -0.384536695   -0.400723421
   10.487979991   -0.405490004   -0.419987130
   10.511601567   -0.426657989   -0.439389134
   10.535223144   -0.448012521   -0.458910952
   10.558844720   -0.469525690   -0.478533422
   10.582466297   -0.491169884   -0.498236677
   10.606087874   -0.512917744   -0.518000111
   10.629709450   -0.534742008   -0.537802355
   10.653331027   -0.556615289   -0.557621264
   10.676952603   -0.578509839   -0.577433915
   10.700574180   -0.600397332   -0.597216633
   10.724195756   -0.622248711   -0.616945028
   10.747817333   -0.644034124   -0.636594067
   10.771438909   -0.665722963   -0.656138154
   10.795060486   -0.687284000   -0.675551240
   10.818682063   -0.708685602   -0.694806934
   10.842303639   -0.729896013   -0.713878630
   10.865925216   -0.750883643   -0.732739630
   10.889546792   -0.771617356   -0.751363257
   10.913168369   -0.792066706   -0.769722966
   10.936789945   -0.812202096   -0.787792431
   10.960411522   -0.831994856   -0.805545620
   10.984033098   -0.851417233   -0.822956851
   11.007654675   -0.870442291   -0.840000834
   11.031276252   -0.889043758   -0.856652704
   11.054897828   -0.907195844   -0.872888040
   11.078519405   -0.924873043   -0.888682888
   11.102140981   -0.942049983   -0.904013784
   11.125762558   -0.958701314   -0.918857782
   11.149384134   -0.974801680   -0.933192488
   11.173005711   -0.990325759   -0.946996111
   11.196627287   -1.005248389   -0.960247509
   11.220248864   -1.019544747   -0.972926260
   11.243870441   -1.033190572   -0.985012716
   11.267492017   -1.046162404   -0.996488073
   11.291113594   -1.058437804   -1.007334427
   11.314735170   -1.069995549   -1.017534832
   11.338356747   -1.080815764   -1.027073335
   11.361978323   -1.090879997   -1.035935018
   11.385599900   -1.100171232   -1.044106013
   11.409221476   -1.108673845   -1.051573518
   11.432843053   -1.116373526   -1.058325805
   11.456464630   -1.123257189   -1.064352220
   11.480086206   -1.129312878   -1.069643186
   11.503707783   -1.134529709   -1.074190211
   11.527329359   -1.138897854   -1.077985892
   11.550950936   -1.142408566   -1.081023933
   11.574572512   -1.145054265   -1.083299164
   11.598194089   -1.146828661   -1.084807567
   11.621815665   -1.147726901   -1.085546300
   11.645437242   -1.147745736   -1.085513727
   11.669058819   -1.146883659   -1.084709437
   11.692680395   -1.145141018   -1.083134263
   11.716301972   -1.142520083   -1.080790289
   11.739923548   -1.139025051   -1.077680845
   11.763545125   -1.134661993   -1.073810499
   11.787166701   -1.129438753   -1.069185029
   11.810788278   -1.123364807   -1.063811396
   11.834409855   -1.116451103   -1.057697711
   11.858031431   -1.108709906   -1.050853189
   11.881653008   -1.100154653   -1.043288117
   11.905274584   -1.090799857   -1.035013818
   11.928896161   -1.080661046   -1.026042614
   11.952517737   -1.069754753   -1.016387803
   11.976139314   -1.058098544   -1.006063637
   11.999760890   -1.045711077   -0.995085300
   12.023382467   -1.032612170   -0.983468895
   12.047004044   -1.018822860   -0.971231424
   12.070625620   -1.004365431   -0.958390778
   12.094247197   -0.989263404   -0.944965710
   12.117868773   -0.973541470   -0.930975816
   12.141490350   -0.957225371   -0.916441509
   12.165111926   -0.940341727   -0.901383992
   12.188733503   -0.922917840   -0.885825223
   12.212355079   -0.904981465   -0.869787888
   12.235976656   -0.886560596   -0.853295371
   12.259598233   -0.867683274   -0.836371728
   12.283219809   -0.848377434   -0.819041661
   12.306841386   -0.828670812   -0.801330497
   12.330462962   -0.808590907   -0.783264160
   12.354084539   -0.788165002   -0.764869152
   12.377706115   -0.767420233   -0.746172515
   12.401327692   -0.746383689   -0.727201791
   12.424949268   -0.725082529   -0.707984967
   12.448570845   -0.703544096   -0.688550401
   12.472192422   -0.681796016   -0.668926737
   12.495813998   -0.659866268   -0.649142795
   12.519435575   -0.637783229   -0.629227449
   12.543057151   -0.615575689   -0.609209494
   12.566678728   -0.593272850   -0.589117505
   12.590300304   -0.570904327   -0.568979693
   12.613921881   -0.548500146   -0.548823768
   12.637543457   -0.526090775   -0.528676817
   12.661165034   -0.503707175   -0.508565196
   12.684786611   -0.481380874   -0.488514449
   12.708408187   -0.459144059   -0.468549245
   12.732029764   -0.437029657   -0.448693348
   12.755651340   -0.415071390   -0.428969603
   12.779272917   -0.393303765   -0.409399945
   12.802894493   -0.371761973   -0.390005424
   12.826516070   -0.350481678   -0.370806230
   12.850137646   -0.329498667   -0.351821726
   12.873759223   -0.308848382   -0.333070476
   12.897380800   -0.288565315   -0.314570261
   12.921002376   -0.268682334   -0.296338080
   12.944623953   -0.249229945   -0.278390145
   12.968245529   -0.230235568   -0.260741860
   12.991867106   -0.211722884   -0.243407778
   13.015488682   -0.193711292   -0.226401572
   13.039110259   -0.176215560   -0.209735981
   13.062731835   -0.159245673   -0.193422769
   13.086353412   -0.142806925   -0.177472690
   13.109974989   -0.126900241   -0.161895454
   13.133596565   -0.111522707   -0.146699709
   13.157218142   -0.096668269   -0.131893032
   13.180839718   -0.082328541   -0.117481935
   13.204461295   -0.068493649   -0.103471867
   13.228082871   -0.055153047   -0.089867242
   13.251704448   -0.042296223   -0.076671457
   13.275326024   -0.029913261   -0.063886916
   13.298947601   -0.017995203   -0.051515059
   13.322569178   -0.006534189   -0.039556385
   13.346190754    0.004476592   -0.028010482
   13.369812331    0.015043147   -0.016876056
   13.393433907    0.025171059   -0.006150961
   13.417055484    0.034865939    0.004167756
   13.440677060    0.044133902    0.014083810
   13.464298637    0.052981997    0.023601612
   13.487920213    0.061418536    0.032726205
   13.511541790    0.069453285    0.041463172
   13.535163367    0.077097494    0.049818543
   13.558784943    0.084363755    0.057798695
   13.582406520    0.091265713    0.065410244
   13.606028096    0.097817652    0.072659935
   13.629649673    0.104034005    0.079554545
   13.653271249    0.109928835    0.086100790
   13.676892826    0.115515338    0.092305246
   13.700514402    0.120805412    0.098174289
   13.724135979    0.125809333    0.103714054
   13.747757556    0.130535567    0.108930406
   13.771379132    0.134990709    0.113828934
   13.795000709    0.139179573    0.118414958
   13.818622285    0.143105388    0.122693541
   13.842243862    0.146770095    0.126669516
   13.865865438    0.150174690    0.130347507
   13.889487015    0.153319595    0.133731949
   13.913108591    0.156205005    0.136827103
   13.936730168    0.158831191    0.139637060
   13.960351745    0.161198725    0.142165735
   13.983973321    0.163308619    0.144416851
   14.007594898    0.165162379    0.146393910
   14.031216474    0.166761955    0.148100157
   14.054838051    0.168109632    0.149538534
   14.078459627    0.169207855    0.150711639
   14.102081204    0.170059021    0.151621674
   14.125702780    0.170665272    0.152270403
   14.149324357    0.171028300    0.152659116
   14.172945934    0.171149186    0.152788599
   14.196567510    0.171028300    0.152659116
   14.220189087    0.170665272    0.152270403
   14.243810663    0.170059021    0.151621674
   14.267432240    0.169207855    0.150711639
   14.291053816    0.168109632    0.149538534
   14.314675393    0.166761955    0.148100157
   14.338296969    0.165162379    0.146393910
   14.361918546    0.163308619    0.144416851
   14.385540123    0.161198725    0.142165735
   14.409161699    0.158831191    0.139637060
   14.432783276    0.156205006    0.136827103
   14.456404852    0.153319595    0.133731950
   14.480026429    0.150174690    0.130347507
   14.503648005    0.146770095    0.126669516
   14.527269582    0.143105388    0.122693541
   14.550891158    0.139179573    0.118414958
   14.574512735    0.134990709    0.113828935
   14.598134312    0.130535567    0.108930406
   14.621755888    0.125809333    0.103714055
   14.645377465    0.120805412    0.098174289
   14.668999041    0.115515338    0.092305246
   14.692620618    0.109928835    0.086100790
   14.716242194    0.104034005    0.079554545
   14.739863771    0.097817652    0.072659935
   14.763485347    0.091265713    0.065410244
   14.787106924    0.084363756    0.057798696
   14.810728501    0.077097494    0.049818543
   14.834350077    0.069453285    0.041463172
   14.857971654    0.061418536    0.032726205
   14.881593230    0.052981997    0.023601613
   14.905214807    0.044133902    0.014083810
   14.928836383    0.034865939    0.004167757
   14.952457960    0.025171060   -0.006150961
   14.976079536    0.015043147   -0.016876056
   14.999701113    0.004476592   -0.028010482
   15.023322690   -0.006534189   -0.039556385
   15.046944266   -0.017995202   -0.051515059
   15.070565843   -0.029913261   -0.063886916
   15.094187419   -0.042296223   -0.076671457
   15.117808996   -0.055153047   -0.089867242
   15.141430572   -0.068493649   -0.103471867
   15.165052149   -0.082328541   -0.117481934
   15.188673725   -0.096668268   -0.131893032
   15.212295302   -0.111522706   -0.146699708
   15.235916879   -0.126900241   -0.161895453
   15.259538455   -0.142806925   -0.177472690
   15.283160032   -0.159245673   -0.193422769
   15.306781608   -0.176215560   -0.209735980
   15.330403185   -0.193711292   -0.226401572
   15.354024761   -0.211722883   -0.243407778
   15.377646338   -0.230235568   -0.260741859
   15.401267914   -0.249229944   -0.278390145
   15.424889491   -0.268682334   -0.296338079
   15.448511068   -0.288565315   -0.314570260
   15.472132644   -0.308848381   -0.333070476
   15.495754221   -0.329498667   -0.351821726
   15.519375797   -0.350481677   -0.370806230
   15.542997374   -0.371761973   -0.390005424
   15.566618950   -0.393303764   -0.409399945
   15.590240527   -0.415071390   -0.428969603
   15.613862103   -0.437029657   -0.448693348
   15.637483680   -0.459144059   -0.468549245
   15.661105257   -0.481380874   -0.488514449
   15.684726833   -0.503707175   -0.508565196
   15.708348410   -0.526090775   -0.528676817
   15.731969986   -0.548500146   -0.548823768
   15.755591563   -0.570904327   -0.568979693
   15.779213139   -0.593272850   -0.589117505
   15.802834716   -0.615575689   -0.609209494
   15.826456292   -0.637783229   -0.629227448
   15.850077869   -0.659866268   -0.649142795
   15.873699446   -0.681796016   -0.668926737
   15.897321022   -0.703544096   -0.688550401
   15.920942599   -0.725082529   -0.707984967
   15.944564175   -0.746383689   -0.727201791
   15.968185752   -0.767420233   -0.746172515
   15.991807328   -0.788165002   -0.764869152
   16.015428905   -0.808590907   -0.783264160
   16.039050481   -0.828670812   -0.801330497
   16.062672058   -0.848377434   -0.819041661
   16.086293635   -0.867683274   -0.836371728
   16.109915211   -0.886560596   -0.853295371
   16.133536788   -0.904981465   -0.869787888
   16.157158364   -0.922917840   -0.885825223
   16.180779941   -0.940341727   -0.901383992
   16.204401517   -0.957225371   -0.916441510
   16.228023094   -0.973541471   -0.930975816
   16.251644670   -0.989263404   -0.944965710
   16.275266247   -1.004365431   -0.958390778
   16.298887824   -1.018822860   -0.971231424
   16.322509400   -1.032612170   -0.983468895
   16.346130977   -1.045711077   -0.995085300
   16.369752553   -1.058098544   -1.006063637
   16.393374130   -1.069754753   -1.016387803
   16.416995706   -1.080661046   -1.026042614
   16.440617283   -1.090799857   -1.035013818
   16.464238859   -1.100154653   -1.043288118
   16.487860436   -1.108709906   -1.050853189
   16.511482013   -1.116451104   -1.057697711
   16.535103589   -1.123364807   -1.063811397
   16.558725166   -1.129438753   -1.069185029
   16.582346742   -1.134661994   -1.073810499
   16.605968319   -1.139025052   -1.077680846
   16.629589895   -1.142520084   -1.080790290
   16.653211472   -1.145141018   -1.083134264
   16.676833048   -1.146883659   -1.084709437
   16.700454625   -1.147745737   -1.085513727
   16.724076202   -1.147726902   -1.085546300
   16.747697778   -1.146828661   -1.084807567
   16.771319355   -1.145054266   -1.083299165
   16.794940931   -1.142408567   -1.081023934
   16.818562508   -1.138897855   -1.077985893
   16.842184084   -1.134529710   -1.074190212
   16.865805661   -1.129312878   -1.069643187
   16.889427237   -1.123257190   -1.064352221
   16.913048814   -1.116373527   -1.058325806
   16.936670391   -1.108673846   -1.051573519
   16.960291967   -1.100171233   -1.044106014
   16.983913544   -1.090879998   -1.035935019
   17.007535120   -1.080815765   -1.027073336
   17.031156697   -1.069995550   -1.017534833
   17.054778273   -1.058437805   -1.007334428
   17.078399850   -1.046162405   -0.996488074
   17.102021426   -1.033190574   -0.985012717
   17.125643003   -1.019544748   -0.972926261
   17.149264580   -1.005248390   -0.960247511
   17.172886156   -0.990325760   -0.946996112
   17.196507733   -0.974801681   -0.933192490
   17.220129309   -0.958701315   -0.918857783
   17.243750886   -0.942049984   -0.904013785
   17.267372462   -0.924873044   -0.888682889
   17.290994039   -0.907195845   -0.872888041
   17.314615615   -0.889043760   -0.856652705
   17.338237192   -0.870442292   -0.840000835
   17.361858769   -0.851417234   -0.822956852
   17.385480345   -0.831994857   -0.805545621
   17.409101922   -0.812202097   -0.787792433
   17.432723498   -0.792066707   -0.769722968
   17.456345075   -0.771617358   -0.751363258
   17.479966651   -0.750883644   -0.732739631
   17.503588228   -0.729896014   -0.713878631
   17.527209804   -0.708685604   -0.694806935
   17.550831381   -0.687284001   -0.675551241
   17.574452958   -0.665722965   -0.656138156
   17.598074534   -0.644034125   -0.636594068
   17.621696111   -0.622248712   -0.616945030
   17.645317687   -0.600397334   -0.597216634
   17.668939264   -0.578509841   -0.577433917
   17.692560840   -0.556615291   -0.557621265
   17.716182417   -0.534742009   -0.537802357
   17.739803993   -0.512917745   -0.518000112
   17.763425570   -0.491169885   -0.498236678
   17.787047147   -0.469525691   -0.478533423
   17.810668723   -0.448012523   -0.458910953
   17.834290300   -0.426657990   -0.439389136
   17.857911876   -0.405490006   -0.419987131
   17.881533453   -0.384536697   -0.400723422
   17.905155029   -0.363826171   -0.381615837
   17.928776606   -0.343386131   -0.362681566
   17.952398182   -0.323243367   -0.343937169
   17.976019759   -0.303423160   -0.325398570
   17.999641336   -0.283948641   -0.307081036
   18.023262912   -0.264840187   -0.288999163
   18.046884489   -0.246114886   -0.271166836
   18.070506065   -0.227786148   -0.253597202
   18.094127642   -0.209863497   -0.236302636
   18.117749218   -0.192352571   -0.219294707
   18.141370795   -0.175255340   -0.202584154
   18.164992371   -0.158570527   -0.186180854
   18.188613948   -0.142294199   -0.170093802
   18.212235525   -0.126420476   -0.154331091
   18.235857101   -0.110942312   -0.138899889
   18.259478678   -0.095852263   -0.123806415
   18.283100254   -0.081143201   -0.109055925
   18.306721831   -0.066808904   -0.094652683
   18.330343407   -0.052844490   -0.080599946
   18.353964984   -0.039246676   -0.066899948
   18.377586560   -0.026013842   -0.053553890
   18.401208137   -0.013145919   -0.040561944
   18.424829714   -0.000644132   -0.027923273
   18.448451290    0.011489376   -0.015636065
   18.472072867    0.023251995   -0.003697583
   18.495694443    0.034641121    0.007895755
   18.519316020    0.045654622    0.019148290
   18.542937596    0.056291259    0.030065011
   18.566559173    0.066551032    0.040651444
   18.590180749    0.076435448    0.050913527
   18.613802326    0.085947697    0.060857492
   18.637423903    0.095092737    0.070489758
   18.661045479    0.103877310    0.079816828
   18.684667056    0.112309880    0.088845217
   18.708288632    0.120400520    0.097581393
   18.731910209    0.128160760    0.106031742
   18.755531785    0.135603386    0.114202564
   18.779153362    0.142742223    0.122100070
   18.802774938    0.149591881    0.129730414
   18.826396515    0.156167484    0.137099724
   18.850018092    0.162484379    0.144214142
   18.873639668    0.168557834    0.151079861
   18.897261245    0.174402735    0.157703165
   18.920882821    0.180033286    0.164090449
   18.944504398    0.185462746    0.170248242
   18.968125974    0.190703202    0.176183209
   18.991747551    0.195765400    0.181902148
   19.015369127    0.200658657    0.187411971
   19.038990704    0.205390848    0.192719681
   19.062612281    0.209968477    0.197832345
   19.086233857    0.214396838    0.202757055
   19.109855434    0.218680222    0.207500894
   19.133477010    0.222822188    0.212070901
   19.157098587    0.226825839    0.216474027
   19.180720163    0.230694101    0.220717105
   19.204341740    0.234429960    0.224806811
   19.227963316    0.238036648    0.228749634
   19.251584893    0.241517757    0.232551839
   19.275206470    0.244877272    0.236219438
   19.298828046    0.248119535    0.239758169
   19.322449623    0.251249141    0.243173468
   19.346071199    0.254270792    0.246470453
   19.369692776    0.257189133    0.249653918
   19.393314352    0.260008586    0.252728330
   19.416935929    0.262733216    0.255697837
   19.440557505    0.265366642    0.258566285
   19.464179082    0.267912002    0.261337240
   19.487800659    0.270371975    0.264014026
   19.511422235    0.272748860    0.266599755
   19.535043812    0.275044687    0.269097369
   19.558665388    0.277261355    0.271509676
   19.582286965    0.279400761    0.273839386
   19.605908541    0.281464922    0.276089137
   19.629530118    0.283456047    0.278261515
   19.653151695    0.285376577    0.280359069
   19.676773271    0.287229163    0.282384311
   19.700394848    0.289016611    0.284339714
   19.724016424    0.290741789    0.286227701
   19.747638001    0.292407520    0.288050634
   19.771259577    0.294016467    0.289810800
   19.794881154    0.295571048    0.291510399
   19.818502730    0.297073373    0.293151534
   19.842124307    0.298525221    0.294736210
   19.865745884    0.299928067    0.296266334
   19.889367460    0.301283134    0.297743723
   19.912989037    0.302591487    0.299170115
   19.936610613    0.303854125    0.300547178
   19.960232190    0.305072085    0.301876532
   19.983853766    0.306246523    0.303159751
   20.007475343    0.307378762    0.304398380
   20.031096919    0.308470309    0.305593937
   20.054718496    0.309522837    0.306747914
   20.078340073    0.310538128    0.307861776
   20.101961649    0.311517996    0.308936952
   20.125583226    0.312464200    0.309974829
   20.149204802    0.313378361    0.310976745
   20.172826379    0.314261895    0.311943979
   20.196447955    0.315115978    0.312877748
   20.220069532    0.315941535    0.313779209
   20.243691108    0.316739272    0.314649455
   20.267312685    0.317509732    0.315489528
   20.290934262    0.318253372    0.316300423
   20.314555838    0.318970641    0.317083098
   20.338177415    0.319662062    0.317838485
   20.361798991    0.320328285    0.318567496
   20.385420568    0.320970123    0.319271028
   20.409042144    0.321588549    0.319949967
   20.432663721    0.322184668    0.320605189
   20.456285297    0.322759661    0.321237551
   20.479906874    0.323314718    0.321847889
   20.503528451    0.323850959    0.322437010
   20.527150027    0.324369372    0.323005690
   20.550771604    0.324870764    0.323554661
   20.574393180    0.325355743    0.324084617
   20.598014757    0.325824722    0.324596210
   20.621636333    0.326277956    0.325090054
   20.645257910    0.326715598    0.325566730
   20.668879486    0.327137771    0.326026796
   20.692501063    0.327544630    0.326470790
   20.716122640    0.327936432    0.326899241
   20.739744216    0.328313565    0.327312671
   20.763365793    0.328676571    0.327711599
   20.786987369    0.329026130    0.328096544
   20.810608946    0.329363021    0.328468017
   20.834230522    0.329688071    0.328826523
   20.857852099    0.330002085    0.329172552
   20.881473675    0.330305789    0.329506571
   20.905095252    0.330599774    0.329829026
   20.928716829    0.330884467    0.330140333
   20.952338405    0.331160127    0.330440880
   20.975959982    0.331426859    0.330731027
   20.999581558    0.331684661    0.331011110
   21.023203135    0.331933476    0.331281448
   21.046824711    0.332173256    0.331542345
   21.070446288    0.332404021    0.331794102
   21.094067864    0.332625901    0.332037017
   21.117689441    0.332839165    0.332271390
   21.141311018    0.333044216    0.332497524
   21.164932594    0.333241570    0.332715726
   21.188554171    0.333431816    0.332926300
   21.212175747    0.333615555    0.333129544
   21.235797324    0.333793346    0.333325745
   21.259418900    0.333965652    0.333515176
   21.283040477    0.334132805    0.333698089
   21.306662053    0.334294985    0.333874715
   21.330283630    0.334452233    0.334045266
   21.353905207    0.334604472    0.334209934
   21.377526783    0.334751560    0.334368897
   21.401148360    0.334893338    0.334522322
   21.424769936    0.335029691    0.334670374
   21.448391513    0.335160591    0.334813220
   21.472013089    0.335286131    0.334951027
   21.495634666    0.335406533    0.335083973
   21.519256242    0.335522139    0.335212239
   21.542877819    0.335633374    0.335336008
   21.566499396    0.335740707    0.335455465
   21.590120972    0.335844590    0.335570791
   21.613742549    0.335945412    0.335682154
   21.637364125    0.336043459    0.335789711
   21.660985702    0.336138882    0.335893602
   21.684607278    0.336231704    0.335993953
   21.708228855    0.336321827    0.336090872
   21.731850431    0.336409078    0.336184455
   21.755472008    0.336493247    0.336274793
   21.779093585    0.336574145    0.336361971
   21.802715161    0.336651649    0.336446076
   21.826336738    0.336725738    0.336527200
   21.849958314    0.336796513    0.336605443
   21.873579891    0.336864191    0.336680913
   21.897201467    0.336929087    0.336753721
   21.920823044    0.336991573    0.336823984
   21.944444620    0.337052031    0.336891818
   21.968066197    0.337110808    0.336957332
   21.991687774    0.337168164    0.337020627
   22.015309350    0.337224252    0.337081792
   22.038930927    0.337279100    0.337140900
   22.062552503    0.337332618    0.337198015
   22.086174080    0.337384633    0.337253188
   22.109795656    0.337434918    0.337306462
   22.133417233    0.337483247    0.337357879
   22.157038809    0.337529440    0.337407479
   22.180660386    0.337573401    0.337455309
   22.204281963    0.337615142    0.337501424
   22.227903539    0.337654792    0.337545885
   22.251525116    0.337692579    0.337588761
   22.275146692    0.337728802    0.337630128
   22.298768269    0.337763793    0.337670062
   22.322389845    0.337797866    0.337708637
   22.346011422    0.337831274    0.337745922
   22.369632998    0.337864177    0.337781974
   22.393254575    0.337896622    0.337816841
   22.416876152    0.337928545    0.337850559
   22.440497728    0.337959785    0.337883154
   22.464119305    0.337990121    0.337914644
   22.487740881    0.338019314    0.337945044
   22.511362458    0.338047151    0.337974369
   22.534984034    0.338073484    0.338002638
   22.558605611    0.338098264    0.338029878
   22.582227187    0.338121548    0.338056122
   22.605848764    0.338143497    0.338081413
   22.629470341    0.338164353    0.338105800
   22.653091917    0.338184404    0.338129336
   22.676713494    0.338203941    0.338152074
   22.700335070    0.338223214    0.338174061
   22.723956647    0.338242395    0.338195340
   22.747578223    0.338261557    0.338215943
   22.771199800    0.338280666    0.338235892
   22.794821376    0.338299587    0.338255198
   22.818442953    0.338318116    0.338273867
   22.842064530    0.338336016    0.338291900
   22.865686106    0.338353056    0.338309295
   22.889307683    0.338369057    0.338326056
   22.912929259    0.338383921    0.338342192
   22.936550836    0.338397652    0.338357721
   22.960172412    0.338410354    0.338372667
   22.983793989    0.338422220    0.338387063
   23.007415565    0.338433501    0.338400946
   23.031037142    0.338444468    0.338414357
   23.054658719    0.338455367    0.338427332
   23.078280295    0.338466386    0.338439904
   23.101901872    0.338477623    0.338452096
   23.125523448    0.338489076    0.338463924
   23.149145025    0.338500643    0.338475392
   23.172766601    0.338512144    0.338486500
   23.196388178    0.338523351    0.338497240
   23.220009754    0.338534031    0.338507603
   23.243631331    0.338543983    0.338517584
   23.267252908    0.338553073    0.338527181
   23.290874484    0.338561260    0.338536399
   23.314496061    0.338568601    0.338545253
   23.338117637    0.338575244    0.338553765
   23.361739214    0.338581406    0.338561962
   23.385360790    0.338587336    0.338569876
   23.408982367    0.338593279    0.338577536
   23.432603943    0.338599434    0.338584969
   23.456225520    0.338605923    0.338592195
   23.479847097    0.338612777    0.338599226
   23.503468673    0.338619926    0.338606066
   23.527090250    0.338627220    0.338612708
   23.550711826    0.338634449    0.338619144
   23.574333403    0.338641381    0.338625360
   23.597954979    0.338647804    0.338631345
   23.621576556    0.338653556    0.338637089
   23.645198132    0.338658560    0.338642593
   23.668819709    0.338662830    0.338647861
   23.692441286    0.338666475    0.338652909
   23.716062862    0.338669676    0.338657757
   23.739684439    0.338672663    0.338662430
   23.763306015    0.338675674    0.338666954
   23.786927592    0.338678916    0.338671352
   23.810549168    0.338682534    0.338675643
   23.834170745    0.338686590    0.338679837
   23.857792321    0.338691048    0.338683937
   23.881413898    0.338695788    0.338687939
   23.905035475    0.338700621    0.338691830
   23.928657051    0.338705327    0.338695596
   23.952278628    0.338709686    0.338699222
   23.975900204    0.338713518    0.338702696
   23.999521781    0.338716714    0.338706011
   24.023143357    0.338719251    0.338709168
   24.046764934    0.338721199    0.338712175
   24.070386510    0.338722709    0.338715049
   24.094008087    0.338723986    0.338717810
   24.117629664    0.338725259    0.338720480
   24.141251240    0.338726741    0.338723080
   24.164872817    0.338728597    0.338725630
   24.188494393    0.338730915    0.338728139
   24.212115970    0.338733695    0.338730612
   24.235737546    0.338736846    0.338733043
   24.259359123    0.338740207    0.338735423
   24.282980699    0.338743569    0.338737736
   24.306602276    0.338746714    0.338739966
   24.330223853    0.338749449    0.338742097
   24.353845429    0.338751638    0.338744121
   24.377467006    0.338753226    0.338746033
   24.401088582    0.338754247    0.338747837
   24.424710159    0.338754818    0.338749546
   24.448331735    0.338755122    0.338751176
   24.471953312    0.338755374    0.338752747
   24.495574888    0.338755790    0.338754280
   24.519196465    0.338756548    0.338755792
   24.542818042    0.338757764    0.338757295
   24.566439618    0.338759467    0.338758795
   24.590061195    0.338761600    0.338760287
   24.613682771    0.338764029    0.338761764
   24.637304348    0.338766562    0.338763211
   24.660925924    0.338768986    0.338764610
   24.684547501    0.338771100    0.338765946
   24.708169077    0.338772749    0.338767206
   24.731790654    0.338773847    0.338768383
   24.755412231    0.338774395    0.338769479
   24.779033807    0.338774478    0.338770500
   24.802655384    0.338774253    0.338771462
   24.826276960    0.338773919    0.338772381
   24.849898537    0.338773690    0.338773277
   24.873520113    0.338773756    0.338774168
   24.897141690    0.338774252    0.338775067
   24.920763266    0.338775238    0.338775980
   24.944384843    0.338776688    0.338776906
   24.968006420    0.338778497    0.338777839
   24.991627996    0.338780494    0.338778764
   25.015249573    0.338782476    0.338779666
   25.038871149    0.338784238    0.338780528
   25.062492726    0.338785609    0.338781335
   25.086114302    0.338786479    0.338782078
   25.109735879    0.338786817    0.338782756
   25.133357455    0.338786677    0.338783372
   25.156979032    0.338786188    0.338783937
   25.180600609    0.338785532    0.338784469
   25.204222185    0.338784917    0.338784984
   25.227843762    0.338784538    0.338785501
   25.251465338    0.338784550    0.338786032
   25.275086915    0.338785037    0.338786588
   25.298708491    0.338786005    0.338787168
   25.322330068    0.338787376    0.338787768
   25.345951644    0.338789004    0.338788376
   25.369573221    0.338790698    0.338788977
   25.393194798    0.338792254    0.338789553
   25.416816374    0.338793491    0.338790090
   25.440437951    0.338794277    0.338790576
   25.464059527    0.338794554    0.338791006
   25.487681104    0.338794344    0.338791382
   25.511302680    0.338793749    0.338791713
   25.534924257    0.338792934    0.338792013
   25.558545833    0.338792093    0.338792299
   25.582167410    0.338791427    0.338792587
   25.605788987    0.338791103    0.338792894
   25.629410563    0.338791230    0.338793228
   25.653032140    0.338791841    0.338793594
   25.676653716    0.338792886    0.338793987
   25.700275293    0.338794244    0.338794399
   25.723896869    0.338795740    0.338794815
   25.747518446    0.338797174    0.338795218
   25.771140022    0.338798357    0.338795592
   25.794761599    0.338799140    0.338795925
   25.818383176    0.338799439    0.338796210
   25.842004752    0.338799248    0.338796445
   25.865626329    0.338798643    0.338796637
   25.889247905    0.338797765    0.338796799
   25.912869482    0.338796799    0.338796945
   25.936491058    0.338795943    0.338797093
   25.960112635    0.338795376    0.338797259
   25.983734211    0.338795228    0.338797453
   26.007355788    0.338795558    0.338797682
   26.030977365    0.338796344    0.338797944
   26.054598941    0.338797490    0.338798231
   26.078220518    0.338798838    0.338798531
   26.101842094    0.338800197    0.338798828
   26.125463671    0.338801373    0.338799104
   26.149085247    0.338802202    0.338799347
   26.172706824    0.338802575    0.338799547
   26.196328400    0.338802462    0.338799701
   26.219949977    0.338801907    0.338799813
   26.243571554    0.338801030    0.338799892
   26.267193130    0.338800003    0.338799953
   26.290814707    0.338799019    0.338800013
   26.314436283    0.338798266    0.338800087
   26.338057860    0.338797892    0.338800189
   26.361679436    0.338797980    0.338800325
   26.385301013    0.338798539    0.338800498
   26.408922589    0.338799496    0.338800701
   26.432544166    0.338800716    0.338800923
   26.456165743    0.338802017    0.338801148
   26.479787319    0.338803205    0.338801362
   26.503408896    0.338804103    0.338801548
   26.527030472    0.338804583    0.338801696
   26.550652049    0.338804585    0.338801800
   26.574273625    0.338804128    0.338801862
   26.597895202    0.338803304    0.338801890
   26.621516778    0.338802268    0.338801896
   26.645138355    0.338801206    0.338801897
   26.668759932    0.338800311    0.338801909
   26.692381508    0.338799743    0.338801946
   26.716003085    0.338799612    0.338802016
   26.739624661    0.338799952    0.338802125
   26.763246238    0.338800719    0.338802267
   26.786867814    0.338801799    0.338802434
   26.810489391    0.338803026    0.338802611
   26.834110967    0.338804208    0.338802783
   26.857732544    0.338805161    0.338802933
   26.881354121    0.338805741    0.338803051
   26.904975697    0.338805862    0.338803127
   26.928597274    0.338805515    0.338803161
   26.952218850    0.338804768    0.338803160
   26.975840427    0.338803755    0.338803133
   26.999462003    0.338802654    0.338803096
   27.023083580    0.338801654    0.338803066
   27.046705156    0.338800932    0.338803056
   27.070326733    0.338800613    0.338803079
   27.093948310    0.338800759    0.338803140
   27.117569886    0.338801354    0.338803236
   27.141191463    0.338802306    0.338803362
   27.164813039    0.338803466    0.338803504
   27.188434616    0.338804650    0.338803647
   27.212056192    0.338805668    0.338803775
   27.235677769    0.338806360    0.338803874
   27.259299345    0.338806619    0.338803936
   27.282920922    0.338806409    0.338803957
   27.306542499    0.338805772    0.338803940
   27.330164075    0.338804819    0.338803895
   27.353785652    0.338803714    0.338803836
   27.377407228    0.338802646    0.338803779
   27.401028805    0.338801797    0.338803738
   27.424650381    0.338801312    0.338803727
   27.448271958    0.338801278    0.338803753
   27.471893535    0.338801703    0.338803817
   27.495515111    0.338802522    0.338803914
   27.519136688    0.338803605    0.338804032
   27.542758264    0.338804777    0.338804157
   27.566379841    0.338805849    0.338804272
   27.590001417    0.338806647    0.338804364
   27.613622994    0.338807044    0.338804421
   27.637244570    0.338806979    0.338804439
   27.660866147    0.338806467    0.338804417
   27.684487724    0.338805596    0.338804365
   27.708109300    0.338804513    0.338804293
   27.731730877    0.338803402    0.338804218
   27.755352453    0.338802449    0.338804155
   27.778974030    0.338801815    0.338804118
   27.802595606    0.338801607    0.338804117
   27.826217183    0.338801862    0.338804154
   27.849838759    0.338802541    0.338804225
   27.873460336    0.338803534    0.338804323
   27.897081913    0.338804679    0.338804433
   27.920703489    0.338805788    0.338804539
   27.944325066    0.338806681    0.338804627
   27.967946642    0.338807213    0.338804683
   27.991568219    0.338807296    0.338804701
   28.015189795    0.338806921    0.338804679
   28.038811372    0.338806149    0.338804623
   28.062432948    0.338805111    0.338804544
   28.086054525    0.338803980    0.338804456
   28.109676102    0.338802943    0.338804376
   28.133297678    0.338802175    0.338804317
   28.156919255    0.338801802    0.338804291
   28.180540831    0.338801887    0.338804303
   28.204162408    0.338802417    0.338804352
   28.227783984    0.338803305    0.338804430
   28.251405561    0.338804405    0.338804526
   28.275027137    0.338805535    0.338804624
   28.298648714    0.338806509    0.338804708
   28.322270291    0.338807166    0.338804764
