 &plot nbnd=  50, nks=   121 /
            0.000000  0.000000  0.000000
  -13.759  -13.748  -13.746  -13.742  -13.740  -13.738  -13.734  -13.733  -13.726  -13.723
  -13.722  -13.722  -13.712  -13.708  -13.692  -13.688  -13.684  -13.682  -13.675  -13.668
   -6.033   -5.699   -5.073   -4.616    0.412    1.468    1.973    2.589    2.924    4.342
    4.418    4.425    4.697    4.908    5.443    5.792    6.105    6.556    6.849    7.146
    8.372   10.251   10.514   10.521   10.692   10.958   11.475   12.027   12.123   12.315
            0.016667  0.000000  0.000000
  -13.759  -13.748  -13.746  -13.742  -13.740  -13.738  -13.734  -13.733  -13.726  -13.723
  -13.722  -13.722  -13.712  -13.708  -13.692  -13.688  -13.684  -13.682  -13.675  -13.668
   -6.032   -5.699   -5.073   -4.616    0.413    1.465    1.976    2.589    2.924    4.340
    4.419    4.426    4.698    4.908    5.444    5.791    6.105    6.552    6.850    7.146
    8.377   10.250   10.515   10.519   10.695   10.959   11.476   12.017   12.134   12.316
            0.033333  0.000000  0.000000
  -13.759  -13.748  -13.746  -13.742  -13.740  -13.738  -13.734  -13.733  -13.726  -13.723
  -13.722  -13.722  -13.712  -13.708  -13.692  -13.688  -13.684  -13.682  -13.675  -13.668
   -6.032   -5.701   -5.071   -4.617    0.414    1.457    1.984    2.589    2.927    4.336
    4.419    4.427    4.702    4.905    5.446    5.790    6.104    6.541    6.851    7.146
    8.390   10.247   10.511   10.518   10.703   10.960   11.476   11.994   12.157   12.318
            0.050000  0.000000  0.000000
  -13.759  -13.748  -13.746  -13.742  -13.740  -13.738  -13.734  -13.733  -13.726  -13.723
  -13.722  -13.722  -13.712  -13.708  -13.692  -13.688  -13.684  -13.682  -13.675  -13.668
   -6.031   -5.702   -5.069   -4.618    0.415    1.444    1.996    2.588    2.930    4.328
    4.420    4.430    4.708    4.902    5.450    5.787    6.102    6.523    6.852    7.146
    8.412   10.242   10.499   10.522   10.715   10.961   11.478   11.966   12.186   12.320
            0.066667  0.000000  0.000000
  -13.759  -13.748  -13.746  -13.742  -13.740  -13.738  -13.734  -13.733  -13.726  -13.723
  -13.722  -13.722  -13.712  -13.708  -13.692  -13.688  -13.684  -13.682  -13.675  -13.668
   -6.030   -5.705   -5.066   -4.620    0.418    1.427    2.013    2.587    2.935    4.317
    4.422    4.434    4.716    4.897    5.456    5.783    6.100    6.499    6.855    7.145
    8.441   10.236   10.485   10.528   10.730   10.964   11.479   11.936   12.217   12.325
            0.083333  0.000000  0.000000
  -13.759  -13.748  -13.746  -13.742  -13.740  -13.738  -13.734  -13.733  -13.726  -13.723
  -13.722  -13.722  -13.712  -13.708  -13.692  -13.688  -13.684  -13.682  -13.675  -13.668
   -6.029   -5.709   -5.061   -4.622    0.421    1.406    2.032    2.586    2.941    4.304
    4.424    4.439    4.726    4.891    5.463    5.779    6.097    6.469    6.858    7.145
    8.478   10.229   10.469   10.534   10.747   10.967   11.482   11.906   12.248   12.330
            0.100000  0.000000  0.000000
  -13.759  -13.748  -13.746  -13.742  -13.740  -13.738  -13.734  -13.733  -13.726  -13.723
  -13.722  -13.722  -13.712  -13.708  -13.692  -13.688  -13.684  -13.682  -13.675  -13.668
   -6.027   -5.713   -5.056   -4.624    0.425    1.383    2.054    2.585    2.949    4.288
    4.426    4.445    4.737    4.883    5.472    5.773    6.093    6.434    6.862    7.144
    8.521   10.221   10.452   10.541   10.766   10.970   11.485   11.875   12.281   12.336
            0.116667  0.000000  0.000000
  -13.759  -13.748  -13.745  -13.742  -13.740  -13.738  -13.734  -13.733  -13.726  -13.723
  -13.722  -13.722  -13.712  -13.708  -13.692  -13.688  -13.684  -13.682  -13.674  -13.668
   -6.025   -5.717   -5.051   -4.628    0.430    1.358    2.078    2.583    2.959    4.271
    4.429    4.453    4.749    4.875    5.481    5.766    6.089    6.395    6.866    7.144
    8.570   10.212   10.435   10.548   10.785   10.975   11.488   11.845   12.313   12.343
            0.133333  0.000000  0.000000
  -13.759  -13.749  -13.745  -13.742  -13.740  -13.738  -13.734  -13.733  -13.726  -13.723
  -13.722  -13.722  -13.712  -13.708  -13.692  -13.688  -13.684  -13.682  -13.674  -13.668
   -6.023   -5.723   -5.044   -4.631    0.435    1.331    2.102    2.581    2.970    4.252
    4.432    4.461    4.762    4.866    5.492    5.759    6.084    6.352    6.871    7.143
    8.625   10.202   10.417   10.554   10.805   10.980   11.493   11.814   12.346   12.351
            0.150000  0.000000  0.000000
  -13.759  -13.749  -13.745  -13.742  -13.740  -13.738  -13.734  -13.733  -13.726  -13.723
  -13.722  -13.722  -13.712  -13.708  -13.692  -13.688  -13.684  -13.682  -13.674  -13.668
   -6.020   -5.728   -5.037   -4.635    0.441    1.303    2.127    2.580    2.983    4.231
    4.435    4.471    4.776    4.856    5.504    5.751    6.079    6.307    6.876    7.142
    8.683   10.193   10.399   10.560   10.826   10.985   11.498   11.784   12.360   12.379
            0.166667  0.000000  0.000000
  -13.758  -13.749  -13.745  -13.742  -13.740  -13.738  -13.734  -13.733  -13.726  -13.723
  -13.722  -13.722  -13.712  -13.708  -13.691  -13.688  -13.684  -13.682  -13.674  -13.668
   -6.017   -5.735   -5.029   -4.640    0.448    1.274    2.153    2.577    2.997    4.209
    4.439    4.481    4.790    4.845    5.517    5.741    6.073    6.259    6.882    7.141
    8.745   10.183   10.381   10.565   10.847   10.991   11.504   11.754   12.370   12.412
            0.183333  0.000000  0.000000
  -13.758  -13.749  -13.745  -13.742  -13.740  -13.738  -13.734  -13.733  -13.726  -13.723
  -13.722  -13.722  -13.712  -13.708  -13.691  -13.688  -13.684  -13.682  -13.674  -13.669
   -6.014   -5.741   -5.021   -4.645    0.456    1.245    2.178    2.575    3.013    4.186
    4.444    4.493    4.804    4.834    5.530    5.732    6.066    6.210    6.889    7.139
    8.811   10.174   10.363   10.569   10.868   10.998   11.511   11.725   12.380   12.445
            0.200000  0.000000  0.000000
  -13.758  -13.750  -13.745  -13.742  -13.740  -13.738  -13.734  -13.733  -13.726  -13.723
  -13.722  -13.722  -13.712  -13.708  -13.691  -13.688  -13.684  -13.682  -13.674  -13.669
   -6.010   -5.749   -5.012   -4.650    0.464    1.216    2.202    2.572    3.031    4.162
    4.448    4.506    4.818    4.822    5.545    5.721    6.058    6.160    6.895    7.138
    8.879   10.165   10.345   10.571   10.890   11.006   11.518   11.695   12.391   12.477
            0.216667  0.000000  0.000000
  -13.758  -13.750  -13.745  -13.742  -13.740  -13.738  -13.734  -13.733  -13.726  -13.723
  -13.722  -13.722  -13.711  -13.709  -13.691  -13.688  -13.684  -13.682  -13.674  -13.669
   -6.006   -5.756   -5.002   -4.656    0.473    1.186    2.226    2.569    3.051    4.136
    4.453    4.520    4.810    4.832    5.559    5.710    6.051    6.109    6.903    7.136
    8.949   10.156   10.328   10.572   10.912   11.014   11.526   11.667   12.401   12.510
            0.233333  0.000000  0.000000
  -13.758  -13.750  -13.745  -13.742  -13.740  -13.738  -13.734  -13.733  -13.726  -13.723
  -13.722  -13.722  -13.711  -13.709  -13.691  -13.688  -13.684  -13.682  -13.674  -13.669
   -6.002   -5.764   -4.992   -4.662    0.483    1.156    2.250    2.566    3.072    4.110
    4.459    4.535    4.798    4.846    5.575    5.698    6.042    6.059    6.910    7.134
    9.021   10.148   10.311   10.570   10.934   11.023   11.534   11.638   12.412   12.542
            0.250000  0.000000  0.000000
  -13.758  -13.750  -13.745  -13.742  -13.740  -13.738  -13.734  -13.733  -13.726  -13.723
  -13.722  -13.722  -13.711  -13.709  -13.691  -13.688  -13.684  -13.682  -13.674  -13.669
   -5.998   -5.772   -4.982   -4.669    0.493    1.127    2.272    2.563    3.095    4.083
    4.465    4.551    4.785    4.860    5.590    5.686    6.008    6.033    6.918    7.131
    9.094   10.141   10.295   10.566   10.957   11.033   11.542   11.610   12.422   12.544
            0.266667  0.000000  0.000000
  -13.758  -13.751  -13.745  -13.742  -13.740  -13.738  -13.734  -13.733  -13.726  -13.723
  -13.723  -13.722  -13.711  -13.709  -13.691  -13.688  -13.684  -13.682  -13.673  -13.669
   -5.993   -5.780   -4.971   -4.676    0.505    1.098    2.293    2.559    3.120    4.055
    4.471    4.568    4.772    4.872    5.606    5.674    5.959    6.023    6.927    7.129
    9.168   10.134   10.279   10.560   10.980   11.043   11.551   11.583   12.432   12.501
            0.283333  0.000000  0.000000
  -13.757  -13.751  -13.744  -13.742  -13.740  -13.738  -13.734  -13.733  -13.726  -13.723
  -13.723  -13.722  -13.711  -13.709  -13.691  -13.689  -13.684  -13.682  -13.673  -13.669
   -5.988   -5.789   -4.960   -4.683    0.517    1.069    2.313    2.556    3.147    4.026
    4.478    4.586    4.759    4.884    5.623    5.661    5.910    6.013    6.935    7.125
    9.243   10.127   10.264   10.551   11.003   11.054   11.556   11.558   12.440   12.460
            0.300000  0.000000  0.000000
  -13.757  -13.751  -13.744  -13.742  -13.740  -13.738  -13.734  -13.733  -13.726  -13.723
  -13.723  -13.722  -13.711  -13.709  -13.691  -13.689  -13.684  -13.682  -13.673  -13.669
   -5.983   -5.797   -4.949   -4.691    0.529    1.040    2.332    2.551    3.175    3.996
    4.485    4.605    4.746    4.895    5.639    5.648    5.863    6.002    6.944    7.122
    9.318   10.122   10.249   10.540   11.027   11.065   11.529   11.564   12.420   12.447
            0.316667  0.000000  0.000000
  -13.757  -13.751  -13.744  -13.742  -13.740  -13.739  -13.734  -13.733  -13.725  -13.723
  -13.722  -13.722  -13.711  -13.709  -13.691  -13.689  -13.684  -13.682  -13.673  -13.669
   -5.977   -5.806   -4.938   -4.699    0.543    1.012    2.349    2.547    3.205    3.966
    4.492    4.625    4.733    4.905    5.635    5.656    5.818    5.991    6.953    7.118
    9.393   10.117   10.235   10.526   11.051   11.077   11.503   11.568   12.383   12.452
            0.333333  0.000000  0.000000
  -13.757  -13.752  -13.744  -13.742  -13.740  -13.739  -13.734  -13.733  -13.725  -13.723
  -13.722  -13.722  -13.711  -13.709  -13.691  -13.689  -13.684  -13.682  -13.673  -13.670
   -5.972   -5.815   -4.926   -4.708    0.557    0.984    2.366    2.543    3.236    3.934
    4.500    4.645    4.720    4.914    5.622    5.673    5.775    5.979    6.962    7.114
    9.468   10.113   10.222   10.508   11.076   11.090   11.478   11.569   12.349   12.454
            0.350000  0.000000  0.000000
  -13.757  -13.752  -13.744  -13.742  -13.740  -13.739  -13.733  -13.733  -13.725  -13.723
  -13.722  -13.722  -13.711  -13.709  -13.691  -13.689  -13.684  -13.682  -13.673  -13.670
   -5.966   -5.824   -4.915   -4.717    0.571    0.956    2.381    2.538    3.268    3.902
    4.508    4.667    4.707    4.920    5.610    5.690    5.735    5.967    6.971    7.109
    9.542   10.109   10.209   10.488   11.102   11.104   11.453   11.567   12.321   12.454
            0.366667  0.000000  0.000000
  -13.756  -13.752  -13.744  -13.743  -13.740  -13.739  -13.733  -13.733  -13.725  -13.723
  -13.722  -13.722  -13.711  -13.709  -13.690  -13.689  -13.683  -13.682  -13.673  -13.670
   -5.959   -5.833   -4.903   -4.726    0.587    0.930    2.396    2.533    3.301    3.870
    4.517    4.689    4.694    4.925    5.598    5.698    5.707    5.954    6.980    7.104
    9.615   10.107   10.198   10.464   11.118   11.128   11.428   11.560   12.299   12.450
            0.383333  0.000000  0.000000
  -13.756  -13.752  -13.744  -13.743  -13.740  -13.739  -13.733  -13.733  -13.725  -13.723
  -13.722  -13.722  -13.711  -13.709  -13.690  -13.689  -13.683  -13.682  -13.672  -13.670
   -5.953   -5.841   -4.891   -4.735    0.603    0.903    2.409    2.528    3.336    3.836
    4.526    4.682    4.712    4.927    5.586    5.665    5.724    5.941    6.990    7.099
    9.687   10.105   10.187   10.437   11.132   11.155   11.404   11.549   12.283   12.443
            0.400000  0.000000  0.000000
  -13.756  -13.753  -13.744  -13.743  -13.740  -13.739  -13.733  -13.733  -13.725  -13.724
  -13.722  -13.722  -13.711  -13.710  -13.690  -13.689  -13.683  -13.682  -13.672  -13.670
   -5.946   -5.850   -4.879   -4.745    0.620    0.878    2.422    2.522    3.371    3.802
    4.535    4.669    4.734    4.927    5.576    5.635    5.740    5.928    6.999    7.093
    9.757   10.104   10.177   10.407   11.148   11.183   11.381   11.533   12.273   12.433
            0.416667  0.000000  0.000000
  -13.756  -13.753  -13.744  -13.743  -13.740  -13.739  -13.733  -13.733  -13.725  -13.724
  -13.722  -13.722  -13.711  -13.710  -13.690  -13.689  -13.683  -13.683  -13.672  -13.670
   -5.939   -5.859   -4.868   -4.755    0.638    0.853    2.433    2.516    3.406    3.768
    4.545    4.656    4.757    4.924    5.566    5.610    5.757    5.914    7.008    7.087
    9.825   10.104   10.168   10.373   11.164   11.212   11.358   11.513   12.270   12.420
            0.433333  0.000000  0.000000
  -13.755  -13.753  -13.744  -13.743  -13.740  -13.739  -13.733  -13.733  -13.725  -13.724
  -13.722  -13.722  -13.711  -13.710  -13.690  -13.689  -13.683  -13.683  -13.672  -13.671
   -5.932   -5.868   -4.856   -4.766    0.656    0.828    2.444    2.510    3.442    3.733
    4.555    4.644    4.780    4.918    5.558    5.589    5.774    5.899    7.017    7.080
    9.891   10.104   10.160   10.336   11.180   11.242   11.336   11.488   12.274   12.404
            0.450000  0.000000  0.000000
  -13.755  -13.754  -13.744  -13.743  -13.740  -13.739  -13.733  -13.733  -13.725  -13.724
  -13.722  -13.722  -13.710  -13.710  -13.690  -13.689  -13.683  -13.683  -13.672  -13.671
   -5.924   -5.876   -4.844   -4.776    0.675    0.804    2.454    2.503    3.478    3.697
    4.565    4.632    4.803    4.908    5.552    5.572    5.790    5.885    7.026    7.073
    9.953   10.104   10.155   10.296   11.198   11.272   11.314   11.461   12.282   12.387
            0.466667  0.000000  0.000000
  -13.755  -13.754  -13.743  -13.743  -13.739  -13.739  -13.733  -13.733  -13.725  -13.724
  -13.722  -13.722  -13.710  -13.710  -13.690  -13.689  -13.683  -13.683  -13.672  -13.671
   -5.917   -5.885   -4.832   -4.787    0.695    0.781    2.464    2.496    3.515    3.661
    4.575    4.620    4.825    4.896    5.547    5.559    5.807    5.870    7.034    7.066
   10.010   10.104   10.152   10.254   11.216   11.293   11.304   11.431   12.295   12.367
            0.483333  0.000000  0.000000
  -13.755  -13.754  -13.743  -13.743  -13.739  -13.739  -13.733  -13.733  -13.724  -13.724
  -13.722  -13.722  -13.710  -13.710  -13.690  -13.690  -13.683  -13.683  -13.671  -13.671
   -5.909   -5.893   -4.821   -4.798    0.716    0.759    2.473    2.489    3.552    3.625
    4.586    4.609    4.845    4.882    5.545    5.551    5.823    5.854    7.043    7.059
   10.058   10.101   10.156   10.211   11.234   11.273   11.336   11.400   12.310   12.348
            0.500000  0.000000  0.000000
  -13.754  -13.754  -13.743  -13.743  -13.739  -13.739  -13.733  -13.733  -13.724  -13.724
  -13.722  -13.722  -13.710  -13.710  -13.690  -13.690  -13.683  -13.683  -13.671  -13.671
   -5.901   -5.901   -4.809   -4.809    0.737    0.737    2.481    2.481    3.588    3.588
    4.597    4.597    4.864    4.864    5.547    5.547    5.839    5.839    7.051    7.051
   10.089   10.089   10.175   10.175   11.253   11.253   11.368   11.368   12.328   12.328
            0.500000  0.046145  0.000000
  -13.754  -13.754  -13.743  -13.743  -13.739  -13.739  -13.733  -13.733  -13.724  -13.724
  -13.722  -13.722  -13.710  -13.710  -13.690  -13.690  -13.683  -13.683  -13.671  -13.671
   -5.900   -5.900   -4.809   -4.809    0.735    0.735    2.475    2.475    3.590    3.590
    4.593    4.593    4.871    4.871    5.548    5.548    5.838    5.838    7.052    7.052
   10.094   10.094   10.177   10.177   11.233   11.233   11.365   11.365   12.337   12.337
            0.500000  0.092290  0.000000
  -13.754  -13.754  -13.743  -13.743  -13.739  -13.739  -13.733  -13.733  -13.724  -13.724
  -13.722  -13.722  -13.710  -13.710  -13.690  -13.690  -13.683  -13.683  -13.671  -13.671
   -5.895   -5.895   -4.808   -4.808    0.729    0.729    2.457    2.457    3.594    3.594
    4.581    4.581    4.888    4.888    5.553    5.553    5.837    5.837    7.056    7.056
   10.109   10.109   10.181   10.181   11.178   11.178   11.355   11.355   12.359   12.359
            0.500000  0.138436  0.000000
  -13.754  -13.754  -13.743  -13.743  -13.740  -13.740  -13.733  -13.733  -13.725  -13.725
  -13.722  -13.722  -13.710  -13.710  -13.690  -13.690  -13.683  -13.683  -13.671  -13.671
   -5.888   -5.888   -4.806   -4.806    0.719    0.719    2.427    2.427    3.601    3.601
    4.565    4.565    4.913    4.913    5.561    5.561    5.837    5.837    7.061    7.061
   10.128   10.128   10.191   10.191   11.098   11.098   11.336   11.336   12.388   12.388
            0.500000  0.184581  0.000000
  -13.754  -13.754  -13.743  -13.743  -13.740  -13.740  -13.734  -13.734  -13.725  -13.725
  -13.722  -13.722  -13.710  -13.710  -13.689  -13.689  -13.683  -13.683  -13.671  -13.671
   -5.879   -5.879   -4.803   -4.803    0.705    0.705    2.387    2.387    3.611    3.611
    4.549    4.549    4.942    4.942    5.571    5.571    5.836    5.836    7.069    7.069
   10.140   10.140   10.211   10.211   11.004   11.004   11.309   11.309   12.416   12.416
            0.500000  0.230726  0.000000
  -13.753  -13.753  -13.742  -13.742  -13.740  -13.740  -13.734  -13.734  -13.725  -13.725
  -13.721  -13.721  -13.710  -13.710  -13.689  -13.689  -13.683  -13.683  -13.671  -13.671
   -5.866   -5.866   -4.799   -4.799    0.688    0.688    2.336    2.336    3.624    3.624
    4.533    4.533    4.974    4.974    5.584    5.584    5.838    5.838    7.077    7.077
   10.139   10.139   10.241   10.241   10.908   10.908   11.274   11.274   12.439   12.439
            0.500000  0.276871  0.000000
  -13.753  -13.753  -13.742  -13.742  -13.740  -13.740  -13.734  -13.734  -13.725  -13.725
  -13.721  -13.721  -13.710  -13.710  -13.689  -13.689  -13.684  -13.684  -13.671  -13.671
   -5.851   -5.851   -4.795   -4.795    0.667    0.667    2.275    2.275    3.640    3.640
    4.520    4.520    5.007    5.007    5.598    5.598    5.841    5.841    7.086    7.086
   10.120   10.120   10.272   10.272   10.825   10.825   11.232   11.232   12.449   12.449
            0.500000  0.323016  0.000000
  -13.752  -13.752  -13.742  -13.742  -13.740  -13.740  -13.734  -13.734  -13.726  -13.726
  -13.721  -13.721  -13.710  -13.710  -13.689  -13.689  -13.684  -13.684  -13.671  -13.671
   -5.833   -5.833   -4.790   -4.790    0.643    0.643    2.206    2.206    3.659    3.659
    4.510    4.510    5.040    5.040    5.612    5.612    5.848    5.848    7.095    7.095
   10.077   10.077   10.293   10.293   10.769   10.769   11.185   11.185   12.440   12.440
            0.500000  0.369161  0.000000
  -13.751  -13.751  -13.742  -13.742  -13.740  -13.740  -13.735  -13.735  -13.726  -13.726
  -13.721  -13.721  -13.710  -13.710  -13.689  -13.689  -13.684  -13.684  -13.672  -13.672
   -5.813   -5.813   -4.785   -4.785    0.615    0.615    2.130    2.130    3.682    3.682
    4.504    4.504    5.074    5.074    5.626    5.626    5.859    5.859    7.104    7.104
   10.005   10.005   10.302   10.302   10.745   10.745   11.139   11.139   12.400   12.400
            0.500000  0.415307  0.000000
  -13.751  -13.751  -13.742  -13.742  -13.740  -13.740  -13.735  -13.735  -13.726  -13.726
  -13.720  -13.720  -13.709  -13.709  -13.689  -13.689  -13.684  -13.684  -13.672  -13.672
   -5.790   -5.790   -4.780   -4.780    0.585    0.585    2.048    2.048    3.707    3.707
    4.502    4.502    5.107    5.107    5.639    5.639    5.873    5.873    7.111    7.111
    9.906    9.906   10.298   10.298   10.743   10.743   11.098   11.098   12.326   12.326
            0.500000  0.461452  0.000000
  -13.750  -13.750  -13.742  -13.742  -13.740  -13.740  -13.736  -13.736  -13.727  -13.727
  -13.720  -13.720  -13.709  -13.709  -13.689  -13.689  -13.684  -13.684  -13.672  -13.672
   -5.764   -5.764   -4.775   -4.775    0.552    0.552    1.961    1.961    3.735    3.735
    4.504    4.504    5.141    5.141    5.652    5.652    5.890    5.890    7.117    7.117
    9.788    9.788   10.283   10.283   10.744   10.744   11.069   11.069   12.228   12.228
            0.500000  0.507597  0.000000
  -13.749  -13.749  -13.742  -13.742  -13.739  -13.739  -13.736  -13.736  -13.727  -13.727
  -13.720  -13.720  -13.709  -13.709  -13.689  -13.689  -13.684  -13.684  -13.672  -13.672
   -5.737   -5.737   -4.770   -4.770    0.518    0.518    1.869    1.869    3.767    3.767
    4.511    4.511    5.176    5.176    5.663    5.663    5.909    5.909    7.121    7.121
    9.660    9.660   10.255   10.255   10.739   10.739   11.054   11.054   12.116   12.116
            0.500000  0.553742  0.000000
  -13.749  -13.749  -13.742  -13.742  -13.739  -13.739  -13.737  -13.737  -13.727  -13.727
  -13.719  -13.719  -13.709  -13.709  -13.689  -13.689  -13.684  -13.684  -13.672  -13.672
   -5.707   -5.707   -4.766   -4.766    0.482    0.482    1.774    1.774    3.802    3.802
    4.522    4.522    5.211    5.211    5.674    5.674    5.929    5.929    7.123    7.123
    9.529    9.529   10.213   10.213   10.726   10.726   11.045   11.045   11.995   11.995
            0.500000  0.599887  0.000000
  -13.748  -13.748  -13.742  -13.742  -13.739  -13.739  -13.737  -13.737  -13.727  -13.727
  -13.719  -13.719  -13.709  -13.709  -13.690  -13.690  -13.684  -13.684  -13.672  -13.672
   -5.675   -5.675   -4.762   -4.762    0.445    0.445    1.677    1.677    3.840    3.840
    4.538    4.538    5.248    5.248    5.685    5.685    5.948    5.948    7.123    7.123
    9.398    9.398   10.158   10.158   10.710   10.710   11.033   11.033   11.867   11.867
            0.500000  0.646033  0.000000
  -13.748  -13.748  -13.742  -13.742  -13.738  -13.738  -13.737  -13.737  -13.727  -13.727
  -13.719  -13.719  -13.708  -13.708  -13.690  -13.690  -13.683  -13.683  -13.672  -13.672
   -5.641   -5.641   -4.759   -4.759    0.408    0.408    1.579    1.579    3.882    3.882
    4.558    4.558    5.285    5.285    5.694    5.694    5.966    5.966    7.121    7.121
    9.272    9.272   10.091   10.091   10.693   10.693   11.013   11.013   11.734   11.734
            0.500000  0.692178  0.000000
  -13.748  -13.748  -13.742  -13.742  -13.738  -13.738  -13.737  -13.737  -13.728  -13.728
  -13.719  -13.719  -13.708  -13.708  -13.691  -13.691  -13.683  -13.683  -13.672  -13.672
   -5.605   -5.605   -4.757   -4.757    0.371    0.371    1.479    1.479    3.927    3.927
    4.582    4.582    5.324    5.324    5.702    5.702    5.981    5.981    7.115    7.115
    9.152    9.152   10.016   10.016   10.671   10.671   10.985   10.985   11.597   11.597
            0.500000  0.738323  0.000000
  -13.748  -13.748  -13.742  -13.742  -13.738  -13.738  -13.736  -13.736  -13.728  -13.728
  -13.719  -13.719  -13.708  -13.708  -13.692  -13.692  -13.683  -13.683  -13.672  -13.672
   -5.568   -5.568   -4.756   -4.756    0.335    0.335    1.380    1.380    3.975    3.975
    4.610    4.610    5.363    5.363    5.708    5.708    5.993    5.993    7.107    7.107
    9.042    9.042    9.937    9.937   10.640   10.640   10.954   10.954   11.461   11.461
            0.500000  0.784468  0.000000
  -13.748  -13.748  -13.743  -13.743  -13.738  -13.738  -13.736  -13.736  -13.728  -13.728
  -13.719  -13.719  -13.708  -13.708  -13.692  -13.692  -13.682  -13.682  -13.672  -13.672
   -5.529   -5.529   -4.757   -4.757    0.302    0.302    1.281    1.281    4.027    4.027
    4.642    4.642    5.403    5.403    5.713    5.713    6.002    6.002    7.095    7.095
    8.942    8.942    9.857    9.857   10.592   10.592   10.921   10.921   11.330   11.330
            0.500000  0.830613  0.000000
  -13.748  -13.748  -13.743  -13.743  -13.737  -13.737  -13.735  -13.735  -13.728  -13.728
  -13.719  -13.719  -13.707  -13.707  -13.693  -13.693  -13.682  -13.682  -13.672  -13.672
   -5.488   -5.488   -4.760   -4.760    0.271    0.271    1.184    1.184    4.082    4.082
    4.677    4.677    5.441    5.441    5.715    5.715    6.007    6.007    7.079    7.079
    8.856    8.856    9.778    9.778   10.528   10.528   10.885   10.885   11.212   11.212
            0.500000  0.876758  0.000000
  -13.748  -13.748  -13.744  -13.744  -13.736  -13.736  -13.735  -13.735  -13.728  -13.728
  -13.719  -13.719  -13.707  -13.707  -13.694  -13.694  -13.681  -13.681  -13.672  -13.672
   -5.447   -5.447   -4.765   -4.765    0.243    0.243    1.088    1.088    4.139    4.139
    4.714    4.714    5.476    5.476    5.714    5.714    6.011    6.011    7.059    7.059
    8.785    8.785    9.703    9.703   10.448   10.448   10.830   10.830   11.125   11.125
            0.500000  0.922904  0.000000
  -13.749  -13.749  -13.744  -13.744  -13.736  -13.736  -13.734  -13.734  -13.727  -13.727
  -13.719  -13.719  -13.707  -13.707  -13.694  -13.694  -13.681  -13.681  -13.672  -13.672
   -5.405   -5.405   -4.772   -4.772    0.220    0.220    0.995    0.995    4.200    4.200
    4.754    4.754    5.506    5.506    5.709    5.709    6.017    6.017    7.032    7.032
    8.730    8.730    9.632    9.632   10.359   10.359   10.743   10.743   11.082   11.082
            0.500000  0.969049  0.000000
  -13.749  -13.749  -13.745  -13.745  -13.735  -13.735  -13.734  -13.734  -13.727  -13.727
  -13.719  -13.719  -13.706  -13.706  -13.695  -13.695  -13.680  -13.680  -13.673  -13.673
   -5.362   -5.362   -4.782   -4.782    0.201    0.201    0.905    0.905    4.264    4.264
    4.795    4.795    5.527    5.527    5.702    5.702    6.026    6.026    6.999    6.999
    8.692    8.692    9.567    9.567   10.265   10.265   10.633   10.633   11.072   11.072
            0.500000  1.015194  0.000000
  -13.749  -13.749  -13.745  -13.745  -13.735  -13.735  -13.733  -13.733  -13.727  -13.727
  -13.719  -13.719  -13.706  -13.706  -13.696  -13.696  -13.679  -13.679  -13.673  -13.673
   -5.319   -5.319   -4.795   -4.795    0.187    0.187    0.819    0.819    4.330    4.330
    4.835    4.835    5.536    5.536    5.692    5.692    6.043    6.043    6.960    6.960
    8.673    8.673    9.507    9.507   10.170   10.170   10.514   10.514   11.080   11.080
            0.500000  1.061339  0.000000
  -13.749  -13.749  -13.746  -13.746  -13.734  -13.734  -13.733  -13.733  -13.726  -13.726
  -13.719  -13.719  -13.705  -13.705  -13.697  -13.697  -13.679  -13.679  -13.673  -13.673
   -5.276   -5.276   -4.810   -4.810    0.178    0.178    0.736    0.736    4.398    4.398
    4.874    4.874    5.533    5.533    5.679    5.679    6.069    6.069    6.913    6.913
    8.671    8.671    9.452    9.452   10.077   10.077   10.397   10.397   11.097   11.097
            0.500000  1.107484  0.000000
  -13.749  -13.749  -13.747  -13.747  -13.734  -13.734  -13.733  -13.733  -13.726  -13.726
  -13.719  -13.719  -13.705  -13.705  -13.698  -13.698  -13.678  -13.678  -13.673  -13.673
   -5.233   -5.233   -4.828   -4.828    0.176    0.176    0.658    0.658    4.467    4.467
    4.910    4.910    5.520    5.520    5.662    5.662    6.106    6.106    6.861    6.861
    8.686    8.686    9.400    9.400    9.991    9.991   10.284   10.284   11.120   11.120
            0.500000  1.153629  0.000000
  -13.749  -13.749  -13.747  -13.747  -13.733  -13.733  -13.733  -13.733  -13.725  -13.725
  -13.720  -13.720  -13.704  -13.704  -13.698  -13.698  -13.678  -13.678  -13.673  -13.673
   -5.190   -5.190   -4.849   -4.849    0.180    0.180    0.584    0.584    4.538    4.538
    4.939    4.939    5.501    5.501    5.642    5.642    6.152    6.152    6.803    6.803
    8.717    8.717    9.349    9.349    9.915    9.915   10.179   10.179   11.148   11.148
            0.500000  1.199775  0.000000
  -13.749  -13.749  -13.748  -13.748  -13.733  -13.733  -13.732  -13.732  -13.725  -13.725
  -13.720  -13.720  -13.704  -13.704  -13.699  -13.699  -13.677  -13.677  -13.674  -13.674
   -5.148   -5.148   -4.872   -4.872    0.191    0.191    0.516    0.516    4.609    4.609
    4.957    4.957    5.483    5.483    5.617    5.617    6.206    6.206    6.740    6.740
    8.760    8.760    9.295    9.295    9.856    9.856   10.084   10.084   11.178   11.178
            0.500000  1.245920  0.000000
  -13.749  -13.749  -13.748  -13.748  -13.733  -13.733  -13.732  -13.732  -13.724  -13.724
  -13.721  -13.721  -13.703  -13.703  -13.700  -13.700  -13.677  -13.677  -13.674  -13.674
   -5.107   -5.107   -4.899   -4.899    0.208    0.208    0.453    0.453    4.679    4.679
    4.960    4.960    5.472    5.472    5.589    5.589    6.266    6.266    6.674    6.674
    8.815    8.815    9.235    9.235    9.817    9.817   10.000   10.000   11.211   11.211
            0.500000  1.292065  0.000000
  -13.749  -13.749  -13.748  -13.748  -13.733  -13.733  -13.732  -13.732  -13.723  -13.723
  -13.721  -13.721  -13.703  -13.703  -13.700  -13.700  -13.676  -13.676  -13.674  -13.674
   -5.068   -5.068   -4.928   -4.928    0.232    0.232    0.396    0.396    4.747    4.747
    4.945    4.945    5.471    5.471    5.560    5.560    6.330    6.330    6.606    6.606
    8.878    8.878    9.169    9.169    9.799    9.799    9.928    9.928   11.245   11.245
            0.500000  1.338210  0.000000
  -13.749  -13.749  -13.749  -13.749  -13.732  -13.732  -13.732  -13.732  -13.723  -13.723
  -13.722  -13.722  -13.702  -13.702  -13.701  -13.701  -13.676  -13.676  -13.675  -13.675
   -5.030   -5.030   -4.960   -4.960    0.263    0.263    0.345    0.345    4.810    4.810
    4.913    4.913    5.483    5.483    5.531    5.531    6.397    6.397    6.536    6.536
    8.948    8.948    9.097    9.097    9.804    9.804    9.870    9.870   11.281   11.281
            0.500000  1.384355  0.000000
  -13.749  -13.749  -13.749  -13.749  -13.732  -13.732  -13.732  -13.732  -13.722  -13.722
  -13.722  -13.722  -13.702  -13.702  -13.702  -13.702  -13.675  -13.675  -13.675  -13.675
   -4.994   -4.994   -4.994   -4.994    0.301    0.301    0.301    0.301    4.867    4.867
    4.867    4.867    5.504    5.504    5.504    5.504    6.466    6.466    6.466    6.466
    9.022    9.022    9.022    9.022    9.828    9.828    9.828    9.828   11.318   11.318
            0.483333  1.384355  0.000000
  -13.749  -13.749  -13.749  -13.749  -13.732  -13.732  -13.732  -13.732  -13.722  -13.722
  -13.722  -13.722  -13.702  -13.702  -13.702  -13.702  -13.675  -13.675  -13.675  -13.675
   -4.995   -4.995   -4.992   -4.992    0.285    0.285    0.316    0.316    4.833    4.833
    4.900    4.900    5.492    5.492    5.516    5.516    6.461    6.461    6.472    6.472
    9.012    9.012    9.031    9.031    9.811    9.811    9.845    9.845   11.273   11.273
            0.466667  1.384355  0.000000
  -13.749  -13.749  -13.749  -13.749  -13.732  -13.732  -13.732  -13.732  -13.722  -13.722
  -13.722  -13.722  -13.702  -13.702  -13.701  -13.701  -13.675  -13.675  -13.675  -13.675
   -4.997   -4.997   -4.991   -4.991    0.270    0.270    0.332    0.332    4.799    4.799
    4.932    4.932    5.482    5.482    5.529    5.529    6.456    6.456    6.479    6.479
    9.000    9.000    9.039    9.039    9.794    9.794    9.861    9.861   11.229   11.229
            0.450000  1.384355  0.000000
  -13.749  -13.749  -13.749  -13.749  -13.733  -13.733  -13.732  -13.732  -13.722  -13.722
  -13.722  -13.722  -13.702  -13.702  -13.701  -13.701  -13.675  -13.675  -13.675  -13.675
   -4.998   -4.998   -4.990   -4.990    0.256    0.256    0.347    0.347    4.765    4.765
    4.963    4.963    5.472    5.472    5.543    5.543    6.452    6.452    6.485    6.485
    8.988    8.988    9.045    9.045    9.777    9.777    9.878    9.878   11.188   11.188
            0.433333  1.384355  0.000000
  -13.749  -13.749  -13.749  -13.749  -13.733  -13.733  -13.732  -13.732  -13.723  -13.723
  -13.722  -13.722  -13.702  -13.702  -13.701  -13.701  -13.675  -13.675  -13.675  -13.675
   -4.999   -4.999   -4.988   -4.988    0.241    0.241    0.363    0.363    4.730    4.730
    4.993    4.993    5.462    5.462    5.558    5.558    6.449    6.449    6.492    6.492
    8.975    8.975    9.050    9.050    9.760    9.760    9.895    9.895   11.148   11.148
            0.416667  1.384355  0.000000
  -13.749  -13.749  -13.749  -13.749  -13.733  -13.733  -13.732  -13.732  -13.723  -13.723
  -13.722  -13.722  -13.702  -13.702  -13.701  -13.701  -13.675  -13.675  -13.675  -13.675
   -5.001   -5.001   -4.987   -4.987    0.227    0.227    0.379    0.379    4.695    4.695
    5.022    5.022    5.453    5.453    5.574    5.574    6.447    6.447    6.500    6.500
    8.961    8.961    9.053    9.053    9.742    9.742    9.911    9.911   11.111   11.111
            0.400000  1.384355  0.000000
  -13.749  -13.749  -13.748  -13.748  -13.733  -13.733  -13.732  -13.732  -13.723  -13.723
  -13.721  -13.721  -13.702  -13.702  -13.701  -13.701  -13.676  -13.676  -13.675  -13.675
   -5.002   -5.002   -4.986   -4.986    0.213    0.213    0.395    0.395    4.661    4.661
    5.049    5.049    5.445    5.445    5.590    5.590    6.445    6.445    6.507    6.507
    8.946    8.946    9.055    9.055    9.724    9.724    9.927    9.927   11.077   11.077
            0.383333  1.384355  0.000000
  -13.750  -13.750  -13.748  -13.748  -13.733  -13.733  -13.732  -13.732  -13.723  -13.723
  -13.721  -13.721  -13.702  -13.702  -13.701  -13.701  -13.676  -13.676  -13.675  -13.675
   -5.003   -5.003   -4.984   -4.984    0.199    0.199    0.410    0.410    4.627    4.627
    5.075    5.075    5.437    5.437    5.608    5.608    6.444    6.444    6.515    6.515
    8.931    8.931    9.055    9.055    9.706    9.706    9.944    9.944   11.045   11.045
            0.366667  1.384355  0.000000
  -13.750  -13.750  -13.748  -13.748  -13.733  -13.733  -13.732  -13.732  -13.723  -13.723
  -13.721  -13.721  -13.702  -13.702  -13.701  -13.701  -13.676  -13.676  -13.675  -13.675
   -5.004   -5.004   -4.983   -4.983    0.186    0.186    0.426    0.426    4.593    4.593
    5.099    5.099    5.430    5.430    5.626    5.626    6.444    6.444    6.523    6.523
    8.915    8.915    9.053    9.053    9.688    9.688    9.960    9.960   11.017   11.017
            0.350000  1.384355  0.000000
  -13.750  -13.750  -13.748  -13.748  -13.733  -13.733  -13.732  -13.732  -13.723  -13.723
  -13.721  -13.721  -13.703  -13.703  -13.701  -13.701  -13.676  -13.676  -13.675  -13.675
   -5.006   -5.006   -4.982   -4.982    0.173    0.173    0.441    0.441    4.560    4.560
    5.121    5.121    5.424    5.424    5.644    5.644    6.446    6.446    6.531    6.531
    8.899    8.899    9.050    9.050    9.669    9.669    9.976    9.976   10.991   10.991
            0.333333  1.384355  0.000000
  -13.750  -13.750  -13.748  -13.748  -13.733  -13.733  -13.731  -13.731  -13.723  -13.723
  -13.721  -13.721  -13.703  -13.703  -13.701  -13.701  -13.676  -13.676  -13.675  -13.675
   -5.007   -5.007   -4.980   -4.980    0.161    0.161    0.456    0.456    4.528    4.528
    5.142    5.142    5.417    5.417    5.663    5.663    6.448    6.448    6.539    6.539
    8.884    8.884    9.045    9.045    9.650    9.650    9.991    9.991   10.968   10.968
            0.316667  1.384355  0.000000
  -13.750  -13.750  -13.748  -13.748  -13.733  -13.733  -13.731  -13.731  -13.723  -13.723
  -13.721  -13.721  -13.703  -13.703  -13.701  -13.701  -13.676  -13.676  -13.675  -13.675
   -5.008   -5.008   -4.979   -4.979    0.149    0.149    0.471    0.471    4.496    4.496
    5.161    5.161    5.411    5.411    5.682    5.682    6.452    6.452    6.547    6.547
    8.868    8.868    9.038    9.038    9.631    9.631   10.007   10.007   10.948   10.948
            0.300000  1.384355  0.000000
  -13.750  -13.750  -13.748  -13.748  -13.733  -13.733  -13.731  -13.731  -13.724  -13.724
  -13.721  -13.721  -13.703  -13.703  -13.700  -13.700  -13.676  -13.676  -13.675  -13.675
   -5.009   -5.009   -4.978   -4.978    0.137    0.137    0.485    0.485    4.466    4.466
    5.179    5.179    5.406    5.406    5.701    5.701    6.457    6.457    6.555    6.555
    8.852    8.852    9.030    9.030    9.612    9.612   10.022   10.022   10.930   10.930
            0.283333  1.384355  0.000000
  -13.750  -13.750  -13.748  -13.748  -13.733  -13.733  -13.731  -13.731  -13.724  -13.724
  -13.721  -13.721  -13.703  -13.703  -13.700  -13.700  -13.676  -13.676  -13.675  -13.675
   -5.010   -5.010   -4.977   -4.977    0.126    0.126    0.499    0.499    4.436    4.436
    5.195    5.195    5.401    5.401    5.719    5.719    6.463    6.463    6.563    6.563
    8.836    8.836    9.020    9.020    9.593    9.593   10.036   10.036   10.915   10.915
            0.266667  1.384355  0.000000
  -13.750  -13.750  -13.748  -13.748  -13.733  -13.733  -13.731  -13.731  -13.724  -13.724
  -13.721  -13.721  -13.703  -13.703  -13.700  -13.700  -13.676  -13.676  -13.675  -13.675
   -5.011   -5.011   -4.976   -4.976    0.116    0.116    0.513    0.513    4.407    4.407
    5.209    5.209    5.396    5.396    5.737    5.737    6.470    6.470    6.571    6.571
    8.821    8.821    9.009    9.009    9.575    9.575   10.051   10.051   10.903   10.903
            0.250000  1.384355  0.000000
  -13.750  -13.750  -13.748  -13.748  -13.733  -13.733  -13.731  -13.731  -13.724  -13.724
  -13.721  -13.721  -13.703  -13.703  -13.700  -13.700  -13.676  -13.676  -13.675  -13.675
   -5.012   -5.012   -4.975   -4.975    0.106    0.106    0.526    0.526    4.380    4.380
    5.222    5.222    5.391    5.391    5.755    5.755    6.478    6.478    6.578    6.578
    8.806    8.806    8.997    8.997    9.557    9.557   10.064   10.064   10.893   10.893
            0.233333  1.384355  0.000000
  -13.750  -13.750  -13.748  -13.748  -13.733  -13.733  -13.731  -13.731  -13.724  -13.724
  -13.721  -13.721  -13.703  -13.703  -13.700  -13.700  -13.676  -13.676  -13.675  -13.675
   -5.013   -5.013   -4.974   -4.974    0.097    0.097    0.538    0.538    4.354    4.354
    5.234    5.234    5.387    5.387    5.771    5.771    6.488    6.488    6.586    6.586
    8.791    8.791    8.984    8.984    9.539    9.539   10.077   10.077   10.885   10.885
            0.216667  1.384355  0.000000
  -13.750  -13.750  -13.748  -13.748  -13.733  -13.733  -13.731  -13.731  -13.724  -13.724
  -13.721  -13.721  -13.703  -13.703  -13.700  -13.700  -13.676  -13.676  -13.675  -13.675
   -5.014   -5.014   -4.973   -4.973    0.088    0.088    0.550    0.550    4.330    4.330
    5.245    5.245    5.383    5.383    5.787    5.787    6.498    6.498    6.593    6.593
    8.777    8.777    8.969    8.969    9.522    9.522   10.090   10.090   10.879   10.879
            0.200000  1.384355  0.000000
  -13.750  -13.750  -13.748  -13.748  -13.734  -13.734  -13.731  -13.731  -13.724  -13.724
  -13.720  -13.720  -13.703  -13.703  -13.700  -13.700  -13.676  -13.676  -13.675  -13.675
   -5.015   -5.015   -4.972   -4.972    0.080    0.080    0.562    0.562    4.306    4.306
    5.255    5.255    5.380    5.380    5.801    5.801    6.510    6.510    6.599    6.599
    8.764    8.764    8.954    8.954    9.507    9.507   10.102   10.102   10.875   10.875
            0.183333  1.384355  0.000000
  -13.750  -13.750  -13.748  -13.748  -13.734  -13.734  -13.731  -13.731  -13.724  -13.724
  -13.720  -13.720  -13.703  -13.703  -13.700  -13.700  -13.676  -13.676  -13.675  -13.675
   -5.016   -5.016   -4.971   -4.971    0.072    0.072    0.572    0.572    4.285    4.285
    5.263    5.263    5.377    5.377    5.814    5.814    6.521    6.521    6.606    6.606
    8.752    8.752    8.939    8.939    9.492    9.492   10.113   10.113   10.872   10.872
            0.166667  1.384355  0.000000
  -13.750  -13.750  -13.748  -13.748  -13.734  -13.734  -13.731  -13.731  -13.724  -13.724
  -13.720  -13.720  -13.703  -13.703  -13.700  -13.700  -13.676  -13.676  -13.675  -13.675
   -5.016   -5.016   -4.971   -4.971    0.066    0.066    0.582    0.582    4.265    4.265
    5.271    5.271    5.374    5.374    5.826    5.826    6.533    6.533    6.612    6.612
    8.740    8.740    8.923    8.923    9.478    9.478   10.124   10.124   10.870   10.870
            0.150000  1.384355  0.000000
  -13.750  -13.750  -13.748  -13.748  -13.734  -13.734  -13.731  -13.731  -13.725  -13.725
  -13.720  -13.720  -13.703  -13.703  -13.700  -13.700  -13.676  -13.676  -13.674  -13.674
   -5.017   -5.017   -4.970   -4.970    0.059    0.059    0.591    0.591    4.247    4.247
    5.278    5.278    5.371    5.371    5.836    5.836    6.546    6.546    6.617    6.617
    8.729    8.729    8.908    8.908    9.466    9.466   10.133   10.133   10.870   10.870
            0.133333  1.384355  0.000000
  -13.750  -13.750  -13.747  -13.747  -13.734  -13.734  -13.731  -13.731  -13.725  -13.725
  -13.720  -13.720  -13.704  -13.704  -13.700  -13.700  -13.676  -13.676  -13.674  -13.674
   -5.018   -5.018   -4.969   -4.969    0.054    0.054    0.599    0.599    4.230    4.230
    5.283    5.283    5.369    5.369    5.846    5.846    6.558    6.558    6.622    6.622
    8.720    8.720    8.893    8.893    9.455    9.455   10.142   10.142   10.869   10.869
            0.116667  1.384355  0.000000
  -13.750  -13.750  -13.747  -13.747  -13.734  -13.734  -13.730  -13.730  -13.725  -13.725
  -13.720  -13.720  -13.704  -13.704  -13.700  -13.700  -13.676  -13.676  -13.674  -13.674
   -5.018   -5.018   -4.969   -4.969    0.049    0.049    0.607    0.607    4.215    4.215
    5.289    5.289    5.367    5.367    5.854    5.854    6.569    6.569    6.627    6.627
    8.711    8.711    8.879    8.879    9.445    9.445   10.150   10.150   10.870   10.870
            0.100000  1.384355  0.000000
  -13.750  -13.750  -13.747  -13.747  -13.734  -13.734  -13.730  -13.730  -13.725  -13.725
  -13.720  -13.720  -13.704  -13.704  -13.700  -13.700  -13.676  -13.676  -13.674  -13.674
   -5.019   -5.019   -4.968   -4.968    0.044    0.044    0.613    0.613    4.203    4.203
    5.293    5.293    5.365    5.365    5.860    5.860    6.580    6.580    6.631    6.631
    8.703    8.703    8.866    8.866    9.436    9.436   10.157   10.157   10.871   10.871
            0.083333  1.384355  0.000000
  -13.750  -13.750  -13.747  -13.747  -13.734  -13.734  -13.730  -13.730  -13.725  -13.725
  -13.720  -13.720  -13.704  -13.704  -13.700  -13.700  -13.676  -13.676  -13.674  -13.674
   -5.019   -5.019   -4.968   -4.968    0.040    0.040    0.619    0.619    4.192    4.192
    5.297    5.297    5.364    5.364    5.866    5.866    6.589    6.589    6.634    6.634
    8.697    8.697    8.855    8.855    9.429    9.429   10.162   10.162   10.872   10.872
            0.066667  1.384355  0.000000
  -13.750  -13.750  -13.747  -13.747  -13.734  -13.734  -13.730  -13.730  -13.725  -13.725
  -13.720  -13.720  -13.704  -13.704  -13.700  -13.700  -13.676  -13.676  -13.674  -13.674
   -5.019   -5.019   -4.967   -4.967    0.037    0.037    0.623    0.623    4.183    4.183
    5.300    5.300    5.362    5.362    5.870    5.870    6.597    6.597    6.637    6.637
    8.691    8.691    8.845    8.845    9.423    9.423   10.167   10.167   10.872   10.872
            0.050000  1.384355  0.000000
  -13.750  -13.750  -13.747  -13.747  -13.734  -13.734  -13.730  -13.730  -13.725  -13.725
  -13.720  -13.720  -13.704  -13.704  -13.700  -13.700  -13.676  -13.676  -13.674  -13.674
   -5.019   -5.019   -4.967   -4.967    0.035    0.035    0.627    0.627    4.176    4.176
    5.302    5.302    5.361    5.361    5.874    5.874    6.604    6.604    6.639    6.639
    8.687    8.687    8.837    8.837    9.418    9.418   10.171   10.171   10.873   10.873
            0.033333  1.384355  0.000000
  -13.750  -13.750  -13.747  -13.747  -13.734  -13.734  -13.730  -13.730  -13.725  -13.725
  -13.720  -13.720  -13.704  -13.704  -13.700  -13.700  -13.676  -13.676  -13.674  -13.674
   -5.020   -5.020   -4.967   -4.967    0.033    0.033    0.630    0.630    4.171    4.171
    5.303    5.303    5.361    5.361    5.876    5.876    6.609    6.609    6.641    6.641
    8.684    8.684    8.831    8.831    9.415    9.415   10.174   10.174   10.874   10.874
            0.016667  1.384355  0.000000
  -13.750  -13.750  -13.747  -13.747  -13.734  -13.734  -13.730  -13.730  -13.725  -13.725
  -13.720  -13.720  -13.704  -13.704  -13.700  -13.700  -13.676  -13.676  -13.674  -13.674
   -5.020   -5.020   -4.967   -4.967    0.032    0.032    0.631    0.631    4.168    4.168
    5.304    5.304    5.360    5.360    5.878    5.878    6.612    6.612    6.642    6.642
    8.682    8.682    8.828    8.828    9.413    9.413   10.175   10.175   10.874   10.874
            0.000000  1.384355  0.000000
  -13.750  -13.750  -13.747  -13.747  -13.734  -13.734  -13.730  -13.730  -13.725  -13.725
  -13.720  -13.720  -13.704  -13.704  -13.700  -13.700  -13.676  -13.676  -13.674  -13.674
   -5.020   -5.020   -4.967   -4.967    0.032    0.032    0.632    0.632    4.167    4.167
    5.305    5.305    5.360    5.360    5.878    5.878    6.613    6.613    6.642    6.642
    8.681    8.681    8.826    8.826    9.412    9.412   10.176   10.176   10.875   10.875
            0.000000  1.338210  0.000000
  -13.751  -13.750  -13.747  -13.747  -13.734  -13.734  -13.731  -13.730  -13.725  -13.725
  -13.721  -13.719  -13.705  -13.703  -13.700  -13.699  -13.677  -13.676  -13.675  -13.674
   -5.065   -4.989   -4.977   -4.947   -0.007    0.078    0.601    0.669    4.089    4.242
    5.281    5.302    5.323    5.418    5.790    5.961    6.609    6.615    6.627    6.663
    8.680    8.698    8.752    8.895    9.395    9.438   10.133   10.229   10.841   10.923
            0.000000  1.292065  0.000000
  -13.751  -13.750  -13.748  -13.747  -13.734  -13.733  -13.731  -13.730  -13.726  -13.724
  -13.722  -13.718  -13.705  -13.702  -13.701  -13.699  -13.677  -13.675  -13.675  -13.674
   -5.111   -5.014   -4.935   -4.930   -0.039    0.132    0.576    0.711    4.010    4.313
    5.244    5.251    5.334    5.475    5.700    6.032    6.581    6.621    6.646    6.677
    8.673    8.696    8.730    8.955    9.388    9.472   10.102   10.291   10.826   10.986
            0.000000  1.245920  0.000000
  -13.751  -13.749  -13.748  -13.747  -13.735  -13.733  -13.731  -13.730  -13.726  -13.724
  -13.723  -13.718  -13.706  -13.701  -13.701  -13.698  -13.678  -13.675  -13.675  -13.674
   -5.159   -5.041   -4.916   -4.896   -0.064    0.193    0.559    0.759    3.931    4.380
    5.188    5.217    5.338    5.530    5.610    6.085    6.542    6.654    6.669    6.684
    8.591    8.728    8.775    9.005    9.390    9.514   10.083   10.361   10.831   11.059
            0.000000  1.199775  0.000000
  -13.751  -13.749  -13.748  -13.746  -13.735  -13.733  -13.731  -13.730  -13.727  -13.724
  -13.724  -13.717  -13.707  -13.702  -13.700  -13.698  -13.679  -13.676  -13.674  -13.673
   -5.207   -5.070   -4.904   -4.859   -0.081    0.260    0.548    0.812    3.852    4.439
    5.136    5.179    5.335    5.523    5.582    6.118    6.499    6.687    6.694    6.712
    8.508    8.776    8.832    9.040    9.403    9.566   10.076   10.438   10.855   11.142
            0.000000  1.153629  0.000000
  -13.751  -13.749  -13.748  -13.746  -13.736  -13.733  -13.732  -13.730  -13.727  -13.724
  -13.724  -13.716  -13.708  -13.702  -13.699  -13.697  -13.679  -13.676  -13.674  -13.673
   -5.256   -5.101   -4.896   -4.825   -0.092    0.334    0.543    0.869    3.774    4.489
    5.089    5.138    5.326    5.437    5.631    6.131    6.452    6.687    6.719    6.792
    8.426    8.838    8.899    9.060    9.428    9.630   10.084   10.520   10.900   11.232
            0.000000  1.107484  0.000000
  -13.750  -13.748  -13.747  -13.746  -13.736  -13.733  -13.732  -13.730  -13.727  -13.725
  -13.723  -13.715  -13.709  -13.703  -13.698  -13.697  -13.680  -13.677  -13.673  -13.673
   -5.305   -5.133   -4.891   -4.793   -0.096    0.414    0.546    0.930    3.697    4.528
    5.049    5.096    5.311    5.355    5.675    6.129    6.404    6.685    6.743    6.888
    8.346    8.915    8.973    9.065    9.463    9.704   10.105   10.607   10.965   11.328
            0.000000  1.061339  0.000000
  -13.750  -13.747  -13.747  -13.745  -13.737  -13.733  -13.733  -13.730  -13.728  -13.726
  -13.723  -13.715  -13.709  -13.703  -13.697  -13.696  -13.681  -13.677  -13.673  -13.673
   -5.354   -5.166   -4.888   -4.764   -0.094    0.500    0.556    0.994    3.623    4.551
    5.019    5.054    5.276    5.290    5.716    6.116    6.355    6.684    6.766    6.994
    8.270    9.003    9.055    9.055    9.510    9.789   10.140   10.696   11.046   11.428
            0.000000  1.015194  0.000000
  -13.750  -13.747  -13.747  -13.745  -13.737  -13.734  -13.733  -13.730  -13.728  -13.727
  -13.723  -13.714  -13.710  -13.703  -13.696  -13.696  -13.682  -13.677  -13.673  -13.672
   -5.403   -5.200   -4.888   -4.738   -0.086    0.573    0.591    1.061    3.550    4.558
    4.999    5.011    5.200    5.264    5.752    6.096    6.306    6.686    6.788    7.103
    8.204    9.035    9.102    9.142    9.567    9.882   10.190   10.787   11.143   11.531
            0.000000  0.969049  0.000000
  -13.750  -13.747  -13.746  -13.745  -13.738  -13.734  -13.734  -13.731  -13.728  -13.727
  -13.723  -13.713  -13.711  -13.704  -13.695  -13.695  -13.682  -13.678  -13.673  -13.672
   -5.451   -5.234   -4.890   -4.715   -0.073    0.596    0.688    1.130    3.480    4.550
    4.971    4.988    5.128    5.234    5.784    6.072    6.258    6.692    6.807    7.205
    8.152    9.007    9.210    9.234    9.633    9.983   10.253   10.877   11.252   11.635
            0.000000  0.922904  0.000000
  -13.749  -13.747  -13.745  -13.745  -13.738  -13.734  -13.734  -13.731  -13.728  -13.728
  -13.723  -13.713  -13.712  -13.704  -13.695  -13.694  -13.683  -13.678  -13.673  -13.672
   -5.499   -5.269   -4.894   -4.694   -0.055    0.625    0.789    1.200    3.414    4.531
    4.932    4.983    5.059    5.202    5.812    6.044    6.212    6.703    6.824    7.291
    8.125    8.972    9.327    9.330    9.708   10.089   10.328   10.963   11.373   11.740
            0.000000  0.876758  0.000000
  -13.749  -13.746  -13.745  -13.745  -13.738  -13.735  -13.734  -13.732  -13.728  -13.728
  -13.722  -13.712  -13.712  -13.705  -13.694  -13.693  -13.684  -13.679  -13.673  -13.671
   -5.545   -5.304   -4.901   -4.676   -0.033    0.660    0.894    1.271    3.350    4.504
    4.896    4.979    4.994    5.166    5.835    6.014    6.168    6.719    6.839    7.347
    8.135    8.934    9.429    9.450    9.791   10.197   10.413   11.043   11.502   11.844
            0.000000  0.830613  0.000000
  -13.749  -13.746  -13.746  -13.744  -13.738  -13.736  -13.735  -13.733  -13.728  -13.727
  -13.722  -13.713  -13.712  -13.705  -13.694  -13.692  -13.684  -13.679  -13.673  -13.671
   -5.590   -5.338   -4.909   -4.661   -0.007    0.700    1.003    1.341    3.290    4.473
    4.863    4.934    4.973    5.130    5.854    5.982    6.127    6.741    6.852    7.366
    8.188    8.893    9.531    9.578    9.880   10.308   10.508   11.115   11.638   11.944
            0.000000  0.784468  0.000000
  -13.748  -13.746  -13.746  -13.743  -13.738  -13.736  -13.735  -13.734  -13.729  -13.727
  -13.722  -13.714  -13.711  -13.706  -13.693  -13.691  -13.685  -13.680  -13.673  -13.671
   -5.634   -5.372   -4.919   -4.648    0.021    0.746    1.114    1.411    3.235    4.440
    4.830    4.880    4.964    5.092    5.870    5.948    6.089    6.769    6.862    7.350
    8.283    8.851    9.636    9.711    9.973   10.417   10.608   11.176   11.781   12.032
            0.000000  0.738323  0.000000
  -13.748  -13.747  -13.745  -13.742  -13.738  -13.737  -13.736  -13.735  -13.729  -13.727
  -13.722  -13.715  -13.711  -13.706  -13.692  -13.690  -13.686  -13.680  -13.674  -13.671
   -5.677   -5.405   -4.930   -4.638    0.052    0.795    1.229    1.479    3.183    4.408
    4.791    4.840    4.950    5.054    5.883    5.914    6.055    6.800    6.869    7.309
    8.407    8.808    9.741    9.847   10.071   10.522   10.713   11.223   11.928   12.013
            0.000000  0.692178  0.000000
  -13.748  -13.747  -13.745  -13.742  -13.738  -13.737  -13.736  -13.736  -13.729  -13.726
  -13.722  -13.715  -13.710  -13.707  -13.692  -13.689  -13.686  -13.681  -13.674  -13.670
   -5.717   -5.437   -4.942   -4.629    0.084    0.848    1.344    1.544    3.136    4.378
    4.744    4.815    4.932    5.016    5.878    5.893    6.025    6.835    6.875    7.253
    8.552    8.766    9.846    9.985   10.170   10.621   10.819   11.255   11.990   12.078
            0.000000  0.646033  0.000000
  -13.749  -13.747  -13.744  -13.741  -13.738  -13.737  -13.737  -13.737  -13.729  -13.726
  -13.722  -13.716  -13.710  -13.707  -13.691  -13.688  -13.687  -13.681  -13.674  -13.670
   -5.756   -5.468   -4.954   -4.623    0.117    0.904    1.461    1.606    3.094    4.350
    4.696    4.801    4.910    4.980    5.842    5.901    6.001    6.872    6.879    7.190
    8.710    8.725    9.949   10.122   10.270   10.709   10.924   11.272   11.958   12.229
            0.000000  0.599887  0.000000
  -13.750  -13.747  -13.744  -13.740  -13.739  -13.738  -13.737  -13.736  -13.729  -13.726
  -13.722  -13.717  -13.710  -13.708  -13.691  -13.687  -13.687  -13.681  -13.674  -13.670
   -5.792   -5.498   -4.967   -4.618    0.151    0.961    1.578    1.664    3.057    4.326
    4.649    4.793    4.884    4.944    5.805    5.903    5.983    6.880    6.909    7.123
    8.684    8.877   10.048   10.257   10.368   10.782   11.025   11.277   11.916   12.344
            0.000000  0.553742  0.000000
  -13.751  -13.746  -13.744  -13.739  -13.739  -13.739  -13.738  -13.736  -13.729  -13.725
  -13.722  -13.717  -13.709  -13.708  -13.691  -13.688  -13.687  -13.682  -13.674  -13.670
   -5.826   -5.526   -4.980   -4.614    0.184    1.019    1.694    1.718    3.025    4.306
    4.605    4.790    4.854    4.910    5.768    5.899    5.975    6.881    6.946    7.054
    8.645    9.050   10.138   10.387   10.463   10.835   11.122   11.272   11.867   12.391
            0.000000  0.507597  0.000000
  -13.752  -13.746  -13.743  -13.740  -13.739  -13.739  -13.738  -13.735  -13.729  -13.725
  -13.722  -13.718  -13.709  -13.709  -13.690  -13.689  -13.686  -13.682  -13.674  -13.669
   -5.858   -5.552   -4.992   -4.612    0.216    1.078    1.766    1.809    2.998    4.290
    4.564    4.792    4.823    4.877    5.731    5.888    5.977    6.879    6.981    6.987
    8.608    9.226   10.215   10.504   10.553   10.866   11.214   11.263   11.817   12.424
            0.000000  0.461452  0.000000
  -13.753  -13.746  -13.743  -13.741  -13.739  -13.739  -13.738  -13.735  -13.728  -13.724
  -13.722  -13.718  -13.709  -13.709  -13.690  -13.689  -13.685  -13.683  -13.674  -13.669
   -5.888   -5.577   -5.005   -4.611    0.247    1.135    1.809    1.921    2.976    4.279
    4.527    4.789    4.799    4.847    5.694    5.875    5.985    6.877    6.921    7.013
    8.572    9.404   10.277   10.602   10.636   10.872   11.259   11.304   11.771   12.445
            0.000000  0.415307  0.000000
  -13.754  -13.746  -13.742  -13.742  -13.739  -13.739  -13.737  -13.735  -13.728  -13.724
  -13.722  -13.719  -13.709  -13.709  -13.690  -13.689  -13.684  -13.683  -13.674  -13.669
   -5.915   -5.599   -5.016   -4.610    0.277    1.190    1.846    2.029    2.958    4.273
    4.492    4.753    4.808    4.819    5.657    5.860    5.998    6.858    6.874    7.042
    8.538    9.583   10.320   10.667   10.710   10.856   11.273   11.396   11.735   12.455
            0.000000  0.369161  0.000000
  -13.755  -13.746  -13.743  -13.742  -13.740  -13.739  -13.737  -13.734  -13.728  -13.724
  -13.723  -13.720  -13.710  -13.709  -13.690  -13.689  -13.684  -13.683  -13.674  -13.669
   -5.939   -5.620   -5.027   -4.611    0.304    1.243    1.877    2.132    2.945    4.271
    4.461    4.716    4.794    4.821    5.621    5.847    6.012    6.799    6.871    7.067
    8.507    9.760   10.344   10.693   10.774   10.821   11.311   11.491   11.713   12.455
            0.000000  0.323016  0.000000
  -13.756  -13.747  -13.743  -13.742  -13.740  -13.739  -13.736  -13.734  -13.728  -13.723
  -13.723  -13.720  -13.710  -13.708  -13.690  -13.689  -13.683  -13.683  -13.675  -13.669
   -5.961   -5.638   -5.038   -4.611    0.328    1.292    1.903    2.228    2.936    4.275
    4.433    4.679    4.771    4.835    5.586    5.834    6.028    6.745    6.867    7.089
    8.478    9.932   10.350   10.686   10.774   10.827   11.365   11.591   11.710   12.448
            0.000000  0.276871  0.000000
  -13.757  -13.747  -13.744  -13.741  -13.740  -13.739  -13.736  -13.734  -13.727  -13.723
  -13.723  -13.720  -13.711  -13.708  -13.691  -13.689  -13.684  -13.683  -13.675  -13.669
   -5.980   -5.654   -5.047   -4.612    0.350    1.336    1.924    2.316    2.930    4.283
    4.409    4.641    4.752    4.850    5.553    5.823    6.044    6.697    6.863    7.106
    8.452   10.099   10.342   10.659   10.721   10.869   11.416   11.695   11.733   12.435
            0.000000  0.230726  0.000000
  -13.758  -13.747  -13.745  -13.741  -13.741  -13.738  -13.735  -13.734  -13.727  -13.723
  -13.722  -13.721  -13.711  -13.708  -13.691  -13.688  -13.684  -13.682  -13.675  -13.668
   -5.996   -5.668   -5.054   -4.613    0.369    1.375    1.941    2.395    2.926    4.297
    4.389    4.603    4.735    4.865    5.523    5.814    6.060    6.655    6.859    7.120
    8.429   10.255   10.325   10.624   10.668   10.901   11.450   11.782   11.798   12.416
            0.000000  0.184581  0.000000
  -13.758  -13.747  -13.745  -13.741  -13.741  -13.738  -13.735  -13.733  -13.727  -13.723
  -13.722  -13.721  -13.711  -13.708  -13.691  -13.688  -13.684  -13.682  -13.675  -13.668
   -6.009   -5.679   -5.061   -4.614    0.384    1.408    1.953    2.462    2.924    4.314
    4.372    4.565    4.721    4.879    5.496    5.806    6.075    6.620    6.856    7.130
    8.409   10.304   10.396   10.589   10.620   10.924   11.466   11.849   11.898   12.392
            0.000000  0.138436  0.000000
  -13.758  -13.748  -13.745  -13.741  -13.741  -13.738  -13.735  -13.733  -13.727  -13.723
  -13.722  -13.721  -13.711  -13.708  -13.691  -13.688  -13.684  -13.682  -13.675  -13.668
   -6.019   -5.688   -5.066   -4.615    0.396    1.434    1.962    2.516    2.924    4.336
    4.359    4.527    4.711    4.891    5.474    5.800    6.088    6.592    6.853    7.137
    8.393   10.283   10.518   10.558   10.578   10.940   11.473   11.918   11.987   12.365
            0.000000  0.092290  0.000000
  -13.759  -13.748  -13.746  -13.741  -13.740  -13.738  -13.734  -13.733  -13.726  -13.723
  -13.722  -13.722  -13.712  -13.708  -13.692  -13.688  -13.684  -13.682  -13.675  -13.668
   -6.027   -5.694   -5.070   -4.615    0.405    1.453    1.968    2.556    2.924    4.350
    4.362    4.491    4.703    4.901    5.457    5.795    6.097    6.572    6.851    7.142
    8.382   10.266   10.534   10.547   10.612   10.950   11.475   11.976   12.059   12.340
            0.000000  0.046145  0.000000
  -13.759  -13.748  -13.746  -13.741  -13.740  -13.738  -13.734  -13.733  -13.726  -13.723
  -13.722  -13.722  -13.712  -13.708  -13.692  -13.688  -13.684  -13.682  -13.675  -13.668
   -6.031   -5.698   -5.072   -4.616    0.410    1.464    1.972    2.581    2.924    4.344
    4.390    4.456    4.699    4.906    5.446    5.793    6.103    6.560    6.850    7.145
    8.375   10.255   10.519   10.528   10.672   10.956   11.475   12.014   12.106   12.322
            0.000000  0.000000  0.000000
  -13.759  -13.748  -13.746  -13.742  -13.740  -13.738  -13.734  -13.733  -13.726  -13.723
  -13.722  -13.722  -13.712  -13.708  -13.692  -13.688  -13.684  -13.682  -13.675  -13.668
   -6.033   -5.699   -5.073   -4.616    0.412    1.468    1.973    2.589    2.924    4.342
    4.418    4.425    4.697    4.908    5.443    5.792    6.105    6.556    6.849    7.146
    8.372   10.251   10.514   10.521   10.692   10.958   11.475   12.027   12.123   12.315
