 &plot nbnd=  50, nks=   121 /
            0.000000  0.000000  0.000000
  -13.759  -13.748  -13.746  -13.742  -13.740  -13.738  -13.734  -13.733  -13.726  -13.723
  -13.722  -13.722  -13.712  -13.708  -13.692  -13.688  -13.684  -13.682  -13.675  -13.668
   -6.033   -5.699   -5.073   -4.616    0.412    1.468    1.973    2.589    2.924    4.342
    4.418    4.425    4.697    4.908    5.443    5.792    6.105    6.556    6.849    7.146
    8.372   10.251   10.514   10.521   10.692   10.958   11.475   12.027   12.123   12.315
            0.016667  0.000000  0.000000
  -13.759  -13.748  -13.746  -13.742  -13.740  -13.738  -13.734  -13.733  -13.726  -13.723
  -13.722  -13.722  -13.712  -13.708  -13.692  -13.688  -13.684  -13.682  -13.675  -13.668
   -6.032   -5.698   -5.073   -4.616    0.408    1.466    1.967    2.582    2.924    4.335
    4.420    4.440    4.707    4.910    5.444    5.794    6.106    6.560    6.846    7.147
    8.372   10.239   10.512   10.528   10.694   10.950   11.479   12.020   12.118   12.310
            0.033333  0.000000  0.000000
  -13.759  -13.748  -13.746  -13.742  -13.740  -13.738  -13.734  -13.733  -13.726  -13.723
  -13.722  -13.722  -13.712  -13.708  -13.692  -13.688  -13.684  -13.682  -13.675  -13.668
   -6.028   -5.695   -5.073   -4.617    0.395    1.460    1.950    2.562    2.925    4.323
    4.425    4.475    4.734    4.914    5.447    5.799    6.107    6.575    6.835    7.149
    8.373   10.203   10.511   10.541   10.696   10.926   11.490   11.997   12.100   12.294
            0.050000  0.000000  0.000000
  -13.759  -13.748  -13.746  -13.741  -13.740  -13.738  -13.734  -13.733  -13.726  -13.723
  -13.722  -13.722  -13.712  -13.708  -13.692  -13.688  -13.684  -13.682  -13.675  -13.668
   -6.023   -5.690   -5.072   -4.618    0.374    1.450    1.920    2.533    2.925    4.315
    4.433    4.521    4.778    4.921    5.452    5.809    6.110    6.599    6.817    7.153
    8.374   10.149   10.512   10.560   10.696   10.886   11.507   11.960   12.072   12.271
            0.066667  0.000000  0.000000
  -13.759  -13.748  -13.746  -13.741  -13.741  -13.738  -13.734  -13.733  -13.726  -13.723
  -13.722  -13.721  -13.712  -13.708  -13.692  -13.688  -13.685  -13.682  -13.675  -13.668
   -6.016   -5.683   -5.071   -4.620    0.346    1.436    1.878    2.497    2.924    4.313
    4.445    4.574    4.837    4.932    5.459    5.824    6.113    6.631    6.793    7.156
    8.377   10.078   10.514   10.585   10.689   10.833   11.530   11.909   12.033   12.246
            0.083333  0.000000  0.000000
  -13.759  -13.748  -13.746  -13.741  -13.741  -13.738  -13.734  -13.733  -13.726  -13.723
  -13.722  -13.721  -13.712  -13.708  -13.692  -13.688  -13.685  -13.682  -13.675  -13.668
   -6.006   -5.675   -5.070   -4.623    0.312    1.419    1.823    2.458    2.922    4.319
    4.459    4.633    4.907    4.945    5.468    5.843    6.117    6.672    6.764    7.159
    8.381    9.996   10.516   10.615   10.670   10.768   11.557   11.846   11.984   12.222
            0.100000  0.000000  0.000000
  -13.759  -13.747  -13.746  -13.741  -13.741  -13.738  -13.734  -13.733  -13.726  -13.723
  -13.722  -13.721  -13.711  -13.708  -13.692  -13.688  -13.685  -13.682  -13.675  -13.668
   -5.994   -5.664   -5.069   -4.626    0.272    1.397    1.756    2.416    2.920    4.333
    4.477    4.697    4.960    4.987    5.479    5.868    6.121    6.720    6.730    7.161
    8.389    9.903   10.519   10.636   10.649   10.692   11.589   11.770   11.926   12.204
            0.116667  0.000000  0.000000
  -13.758  -13.747  -13.746  -13.741  -13.741  -13.738  -13.734  -13.733  -13.726  -13.722
  -13.722  -13.720  -13.711  -13.708  -13.692  -13.687  -13.685  -13.682  -13.674  -13.668
   -5.981   -5.652   -5.068   -4.630    0.227    1.372    1.679    2.372    2.919    4.353
    4.498    4.764    4.979    5.072    5.492    5.899    6.126    6.692    6.775    7.162
    8.401    9.803   10.520   10.587   10.609   10.685   11.624   11.684   11.861   12.195
            0.133333  0.000000  0.000000
  -13.758  -13.747  -13.746  -13.741  -13.741  -13.739  -13.734  -13.733  -13.726  -13.722
  -13.722  -13.720  -13.711  -13.708  -13.692  -13.687  -13.685  -13.682  -13.674  -13.668
   -5.965   -5.638   -5.067   -4.635    0.179    1.345    1.593    2.326    2.921    4.380
    4.522    4.835    5.000    5.160    5.506    5.938    6.131    6.650    6.835    7.160
    8.417    9.696   10.518   10.519   10.522   10.722   11.589   11.661   11.789   12.193
            0.150000  0.000000  0.000000
  -13.758  -13.747  -13.746  -13.741  -13.741  -13.739  -13.734  -13.733  -13.726  -13.722
  -13.722  -13.720  -13.711  -13.708  -13.692  -13.687  -13.685  -13.682  -13.674  -13.668
   -5.948   -5.622   -5.066   -4.640    0.128    1.314    1.499    2.276    2.927    4.412
    4.549    4.907    5.024    5.249    5.521    5.985    6.137    6.606    6.901    7.155
    8.439    9.585   10.425   10.442   10.513   10.758   11.486   11.701   11.712   12.198
            0.166667  0.000000  0.000000
  -13.758  -13.747  -13.746  -13.741  -13.741  -13.739  -13.734  -13.733  -13.726  -13.722
  -13.722  -13.719  -13.711  -13.708  -13.692  -13.687  -13.685  -13.682  -13.674  -13.669
   -5.928   -5.604   -5.065   -4.646    0.076    1.282    1.401    2.222    2.938    4.448
    4.579    4.981    5.050    5.334    5.538    6.042    6.142    6.560    6.970    7.149
    8.467    9.470   10.327   10.349   10.502   10.790   11.376   11.632   11.745   12.203
            0.183333  0.000000  0.000000
  -13.757  -13.747  -13.746  -13.742  -13.741  -13.739  -13.735  -13.733  -13.726  -13.722
  -13.721  -13.719  -13.711  -13.708  -13.692  -13.687  -13.685  -13.682  -13.674  -13.669
   -5.907   -5.585   -5.065   -4.654    0.024    1.249    1.299    2.165    2.954    4.487
    4.612    5.055    5.079    5.415    5.555    6.109    6.147    6.514    7.043    7.140
    8.500    9.353   10.229   10.245   10.483   10.815   11.262   11.550   11.792   12.198
            0.200000  0.000000  0.000000
  -13.757  -13.747  -13.746  -13.742  -13.741  -13.740  -13.735  -13.733  -13.726  -13.722
  -13.721  -13.718  -13.711  -13.708  -13.692  -13.687  -13.686  -13.682  -13.674  -13.669
   -5.884   -5.564   -5.066   -4.662   -0.029    1.195    1.214    2.104    2.976    4.528
    4.648    5.110    5.130    5.490    5.573    6.151    6.187    6.470    7.118    7.128
    8.540    9.234   10.130   10.132   10.455   10.831   11.145   11.468   11.846   12.172
            0.216667  0.000000  0.000000
  -13.757  -13.746  -13.746  -13.742  -13.741  -13.740  -13.735  -13.733  -13.726  -13.722
  -13.720  -13.718  -13.711  -13.708  -13.692  -13.687  -13.686  -13.682  -13.674  -13.669
   -5.860   -5.541   -5.067   -4.671   -0.080    1.090    1.180    2.040    3.003    4.567
    4.686    5.143    5.204    5.558    5.591    6.155    6.275    6.429    7.114    7.193
    8.585    9.116   10.014   10.032   10.417   10.835   11.025   11.386   11.907   12.119
            0.233333  0.000000  0.000000
  -13.757  -13.747  -13.746  -13.742  -13.741  -13.740  -13.735  -13.733  -13.726  -13.722
  -13.720  -13.717  -13.711  -13.708  -13.692  -13.687  -13.686  -13.682  -13.674  -13.669
   -5.834   -5.517   -5.070   -4.682   -0.129    0.985    1.147    1.974    3.036    4.604
    4.726    5.179    5.277    5.609    5.619    6.157    6.371    6.393    7.099    7.269
    8.637    9.000    9.890    9.937   10.367   10.825   10.903   11.307   11.975   12.041
            0.250000  0.000000  0.000000
  -13.756  -13.747  -13.746  -13.742  -13.741  -13.740  -13.735  -13.733  -13.726  -13.722
  -13.719  -13.717  -13.710  -13.708  -13.692  -13.686  -13.686  -13.682  -13.674  -13.669
   -5.806   -5.492   -5.073   -4.694   -0.176    0.880    1.115    1.906    3.073    4.637
    4.770    5.216    5.350    5.626    5.676    6.158    6.365    6.475    7.082    7.343
    8.693    8.888    9.765    9.845   10.307   10.781   10.802   11.231   11.947   12.052
            0.266667  0.000000  0.000000
  -13.756  -13.747  -13.746  -13.742  -13.741  -13.741  -13.735  -13.733  -13.726  -13.723
  -13.719  -13.716  -13.710  -13.708  -13.692  -13.687  -13.686  -13.683  -13.674  -13.669
   -5.777   -5.466   -5.078   -4.707   -0.220    0.777    1.085    1.837    3.114    4.662
    4.815    5.255    5.421    5.643    5.728    6.157    6.346    6.583    7.064    7.412
    8.754    8.781    9.638    9.757   10.237   10.660   10.764   11.159   11.841   12.137
            0.283333  0.000000  0.000000
  -13.756  -13.747  -13.746  -13.743  -13.741  -13.741  -13.735  -13.733  -13.726  -13.723
  -13.718  -13.716  -13.710  -13.708  -13.692  -13.687  -13.686  -13.683  -13.674  -13.669
   -5.747   -5.438   -5.084   -4.721   -0.260    0.676    1.057    1.768    3.160    4.677
    4.862    5.296    5.492    5.658    5.777    6.153    6.337    6.694    7.046    7.473
    8.685    8.820    9.512    9.675   10.158   10.540   10.714   11.092   11.729   12.033
            0.300000  0.000000  0.000000
  -13.755  -13.747  -13.746  -13.743  -13.741  -13.741  -13.735  -13.734  -13.726  -13.723
  -13.718  -13.715  -13.710  -13.709  -13.692  -13.687  -13.686  -13.683  -13.673  -13.669
   -5.716   -5.410   -5.091   -4.737   -0.296    0.577    1.033    1.699    3.210    4.681
    4.911    5.338    5.562    5.671    5.824    6.148    6.340    6.805    7.028    7.523
    8.603    8.889    9.389    9.599   10.070   10.422   10.653   11.031   11.611   11.922
            0.316667  0.000000  0.000000
  -13.755  -13.747  -13.745  -13.743  -13.742  -13.742  -13.735  -13.734  -13.726  -13.723
  -13.717  -13.715  -13.710  -13.709  -13.692  -13.687  -13.686  -13.683  -13.673  -13.670
   -5.684   -5.380   -5.100   -4.754   -0.327    0.481    1.011    1.631    3.263    4.673
    4.962    5.381    5.634    5.681    5.869    6.140    6.354    6.915    7.012    7.554
    8.540    8.962    9.270    9.530    9.975   10.307   10.583   10.977   11.490   11.814
            0.333333  0.000000  0.000000
  -13.754  -13.748  -13.745  -13.743  -13.742  -13.742  -13.735  -13.734  -13.726  -13.723
  -13.717  -13.714  -13.710  -13.709  -13.692  -13.687  -13.686  -13.683  -13.673  -13.670
   -5.652   -5.350   -5.111   -4.773   -0.353    0.389    0.993    1.565    3.320    4.652
    5.013    5.426    5.689    5.707    5.912    6.129    6.376    6.999    7.021    7.563
    8.504    9.038    9.158    9.469    9.875   10.195   10.506   10.930   11.368   11.708
            0.350000  0.000000  0.000000
  -13.754  -13.748  -13.745  -13.743  -13.742  -13.742  -13.735  -13.734  -13.726  -13.723
  -13.716  -13.714  -13.710  -13.709  -13.691  -13.688  -13.686  -13.683  -13.673  -13.670
   -5.618   -5.319   -5.124   -4.793   -0.373    0.300    0.979    1.500    3.380    4.619
    5.066    5.470    5.693    5.782    5.955    6.115    6.404    6.991    7.120    7.546
    8.495    9.056    9.115    9.416    9.771   10.087   10.423   10.891   11.245   11.606
            0.366667  0.000000  0.000000
  -13.754  -13.748  -13.745  -13.743  -13.742  -13.742  -13.735  -13.734  -13.726  -13.723
  -13.716  -13.713  -13.711  -13.709  -13.691  -13.688  -13.685  -13.683  -13.673  -13.670
   -5.585   -5.287   -5.138   -4.814   -0.388    0.216    0.970    1.438    3.443    4.575
    5.120    5.516    5.693    5.860    5.997    6.098    6.434    6.991    7.206    7.508
    8.509    8.968    9.192    9.372    9.663    9.983   10.338   10.860   11.121   11.508
            0.383333  0.000000  0.000000
  -13.753  -13.748  -13.744  -13.743  -13.743  -13.742  -13.735  -13.734  -13.725  -13.723
  -13.715  -13.713  -13.711  -13.709  -13.691  -13.688  -13.685  -13.683  -13.673  -13.670
   -5.551   -5.255   -5.155   -4.837   -0.397    0.136    0.965    1.378    3.509    4.522
    5.173    5.562    5.688    5.940    6.038    6.079    6.461    7.002    7.262    7.469
    8.537    8.904    9.268    9.338    9.554    9.885   10.253   10.837   10.999   11.414
            0.400000  0.000000  0.000000
  -13.753  -13.749  -13.744  -13.744  -13.743  -13.742  -13.735  -13.734  -13.725  -13.724
  -13.715  -13.712  -13.711  -13.709  -13.691  -13.688  -13.685  -13.684  -13.672  -13.670
   -5.517   -5.223   -5.173   -4.861   -0.399    0.060    0.964    1.322    3.577    4.462
    5.227    5.607    5.679    6.021    6.056    6.079    6.484    7.025    7.257    7.461
    8.564    8.874    9.314    9.338    9.443    9.792   10.173   10.824   10.877   11.326
            0.416667  0.000000  0.000000
  -13.752  -13.749  -13.744  -13.744  -13.743  -13.742  -13.735  -13.734  -13.725  -13.724
  -13.714  -13.712  -13.711  -13.709  -13.691  -13.689  -13.685  -13.684  -13.672  -13.671
   -5.483   -5.194   -5.190   -4.887   -0.395   -0.010    0.968    1.269    3.647    4.396
    5.280    5.652    5.665    6.030    6.101    6.118    6.502    7.061    7.194    7.482
    8.582    8.889    9.300    9.330    9.399    9.705   10.105   10.758   10.819   11.243
            0.433333  0.000000  0.000000
  -13.752  -13.749  -13.744  -13.744  -13.743  -13.742  -13.735  -13.734  -13.725  -13.724
  -13.714  -13.711  -13.711  -13.709  -13.691  -13.689  -13.685  -13.684  -13.672  -13.671
   -5.449   -5.216   -5.158   -4.913   -0.385   -0.076    0.977    1.219    3.720    4.326
    5.332    5.646    5.697    6.002    6.156    6.175    6.518    7.108    7.110    7.496
    8.598    8.940    9.221    9.297    9.436    9.626   10.060   10.641   10.823   11.166
            0.450000  0.000000  0.000000
  -13.752  -13.749  -13.744  -13.744  -13.743  -13.743  -13.735  -13.734  -13.725  -13.724
  -13.714  -13.712  -13.711  -13.709  -13.691  -13.689  -13.685  -13.684  -13.672  -13.671
   -5.416   -5.240   -5.125   -4.941   -0.369   -0.136    0.991    1.173    3.794    4.252
    5.382    5.621    5.741    5.971    6.192    6.235    6.541    7.013    7.168    7.491
    8.626    9.013    9.113    9.304    9.440    9.553   10.049   10.527   10.837   11.096
            0.466667  0.000000  0.000000
  -13.751  -13.750  -13.744  -13.743  -13.743  -13.743  -13.735  -13.735  -13.725  -13.724
  -13.713  -13.712  -13.711  -13.710  -13.690  -13.689  -13.685  -13.684  -13.672  -13.671
   -5.384   -5.266   -5.093   -4.970   -0.345   -0.190    1.010    1.132    3.869    4.177
    5.431    5.591    5.783    5.937    6.225    6.272    6.583    6.916    7.232    7.464
    8.673    9.009    9.096    9.321    9.407    9.489   10.078   10.418   10.859   11.033
            0.483333  0.000000  0.000000
  -13.751  -13.750  -13.744  -13.743  -13.743  -13.743  -13.735  -13.735  -13.725  -13.724
  -13.713  -13.712  -13.710  -13.710  -13.690  -13.690  -13.684  -13.684  -13.672  -13.671
   -5.353   -5.294   -5.061   -5.000   -0.316   -0.238    1.033    1.094    3.946    4.100
    5.476    5.557    5.824    5.902    6.253    6.283    6.648    6.820    7.298    7.420
    8.738    8.910    9.184    9.347    9.349    9.433   10.139   10.315   10.890   10.978
            0.500000  0.000000  0.000000
  -13.750  -13.750  -13.744  -13.744  -13.743  -13.743  -13.735  -13.735  -13.724  -13.724
  -13.712  -13.712  -13.710  -13.710  -13.690  -13.690  -13.684  -13.684  -13.671  -13.671
   -5.322   -5.322   -5.030   -5.030   -0.280   -0.280    1.061    1.061    4.023    4.023
    5.519    5.519    5.864    5.864    6.274    6.274    6.729    6.729    7.363    7.363
    8.818    8.818    9.269    9.269    9.386    9.386   10.220   10.220   10.930   10.930
            0.500000  0.018201  0.000000
  -13.750  -13.750  -13.744  -13.744  -13.743  -13.743  -13.735  -13.735  -13.725  -13.725
  -13.712  -13.712  -13.710  -13.710  -13.690  -13.690  -13.684  -13.684  -13.671  -13.671
   -5.321   -5.321   -5.029   -5.029   -0.278   -0.278    1.062    1.062    4.023    4.023
    5.499    5.499    5.838    5.838    6.273    6.273    6.750    6.750    7.361    7.361
    8.811    8.811    9.207    9.207    9.469    9.469   10.226   10.226   10.944   10.944
            0.500000  0.036403  0.000000
  -13.750  -13.750  -13.744  -13.744  -13.742  -13.742  -13.735  -13.735  -13.725  -13.725
  -13.712  -13.712  -13.710  -13.710  -13.690  -13.690  -13.684  -13.684  -13.671  -13.671
   -5.318   -5.318   -5.027   -5.027   -0.273   -0.273    1.066    1.066    4.024    4.024
    5.444    5.444    5.769    5.769    6.268    6.268    6.806    6.806    7.352    7.352
    8.796    8.796    9.130    9.130    9.605    9.605   10.247   10.247   10.985   10.985
            0.500000  0.054604  0.000000
  -13.750  -13.750  -13.744  -13.744  -13.742  -13.742  -13.735  -13.735  -13.725  -13.725
  -13.712  -13.712  -13.710  -13.710  -13.690  -13.690  -13.684  -13.684  -13.671  -13.671
   -5.313   -5.313   -5.023   -5.023   -0.264   -0.264    1.071    1.071    4.025    4.025
    5.357    5.357    5.673    5.673    6.259    6.259    6.880    6.880    7.329    7.329
    8.784    8.784    9.073    9.073    9.752    9.752   10.286   10.286   11.049   11.049
            0.500000  0.072805  0.000000
  -13.750  -13.750  -13.745  -13.745  -13.742  -13.742  -13.736  -13.736  -13.725  -13.725
  -13.712  -13.712  -13.710  -13.710  -13.689  -13.689  -13.685  -13.685  -13.671  -13.671
   -5.306   -5.306   -5.018   -5.018   -0.251   -0.251    1.077    1.077    4.026    4.026
    5.246    5.246    5.561    5.561    6.242    6.242    6.958    6.958    7.285    7.285
    8.780    8.780    9.043    9.043    9.900    9.900   10.351   10.351   11.129   11.129
            0.500000  0.091007  0.000000
  -13.750  -13.750  -13.745  -13.745  -13.741  -13.741  -13.736  -13.736  -13.725  -13.725
  -13.712  -13.712  -13.709  -13.709  -13.689  -13.689  -13.685  -13.685  -13.672  -13.672
   -5.296   -5.296   -5.011   -5.011   -0.236   -0.236    1.086    1.086    4.025    4.025
    5.119    5.119    5.443    5.443    6.219    6.219    7.027    7.027    7.216    7.216
    8.775    8.775    9.059    9.059   10.041   10.041   10.445   10.445   11.221   11.221
            0.500000  0.109208  0.000000
  -13.749  -13.749  -13.745  -13.745  -13.741  -13.741  -13.737  -13.737  -13.725  -13.725
  -13.712  -13.712  -13.709  -13.709  -13.689  -13.689  -13.685  -13.685  -13.672  -13.672
   -5.285   -5.285   -5.003   -5.003   -0.216   -0.216    1.096    1.096    4.023    4.023
    4.981    4.981    5.323    5.323    6.186    6.186    7.080    7.080    7.127    7.127
    8.761    8.761    9.128    9.128   10.173   10.173   10.570   10.570   11.319   11.319
            0.500000  0.127409  0.000000
  -13.749  -13.749  -13.745  -13.745  -13.740  -13.740  -13.737  -13.737  -13.726  -13.726
  -13.712  -13.712  -13.709  -13.709  -13.689  -13.689  -13.685  -13.685  -13.672  -13.672
   -5.271   -5.271   -4.993   -4.993   -0.193   -0.193    1.108    1.108    4.018    4.018
    4.838    4.838    5.205    5.205    6.144    6.144    7.022    7.022    7.115    7.115
    8.746    8.746    9.242    9.242   10.299   10.299   10.718   10.718   11.422   11.422
            0.500000  0.145611  0.000000
  -13.749  -13.749  -13.745  -13.745  -13.740  -13.740  -13.738  -13.738  -13.726  -13.726
  -13.712  -13.712  -13.709  -13.709  -13.688  -13.688  -13.686  -13.686  -13.672  -13.672
   -5.256   -5.256   -4.983   -4.983   -0.167   -0.167    1.121    1.121    4.008    4.008
    4.693    4.693    5.091    5.091    6.090    6.090    6.912    6.912    7.124    7.124
    8.739    8.739    9.386    9.386   10.426   10.426   10.880   10.880   11.525   11.525
            0.500000  0.163812  0.000000
  -13.750  -13.750  -13.744  -13.744  -13.740  -13.740  -13.738  -13.738  -13.726  -13.726
  -13.712  -13.712  -13.708  -13.708  -13.688  -13.688  -13.686  -13.686  -13.672  -13.672
   -5.240   -5.240   -4.971   -4.971   -0.138   -0.138    1.134    1.134    3.990    3.990
    4.551    4.551    4.986    4.986    6.022    6.022    6.801    6.801    7.109    7.109
    8.746    8.746    9.550    9.550   10.559   10.559   11.049   11.049   11.627   11.627
            0.500000  0.182013  0.000000
  -13.750  -13.750  -13.744  -13.744  -13.740  -13.740  -13.738  -13.738  -13.726  -13.726
  -13.712  -13.712  -13.708  -13.708  -13.688  -13.688  -13.686  -13.686  -13.672  -13.672
   -5.221   -5.221   -4.959   -4.959   -0.106   -0.106    1.148    1.148    3.961    3.961
    4.413    4.413    4.892    4.892    5.939    5.939    6.693    6.693    7.074    7.074
    8.768    8.768    9.727    9.727   10.698   10.698   11.218   11.218   11.727   11.727
            0.500000  0.200215  0.000000
  -13.750  -13.750  -13.743  -13.743  -13.741  -13.741  -13.738  -13.738  -13.727  -13.727
  -13.712  -13.712  -13.708  -13.708  -13.688  -13.688  -13.686  -13.686  -13.672  -13.672
   -5.202   -5.202   -4.945   -4.945   -0.070   -0.070    1.162    1.162    3.918    3.918
    4.284    4.284    4.811    4.811    5.844    5.844    6.588    6.588    7.023    7.023
    8.802    8.802    9.912    9.912   10.845   10.845   11.382   11.382   11.824   11.824
            0.500000  0.218416  0.000000
  -13.751  -13.751  -13.743  -13.743  -13.741  -13.741  -13.737  -13.737  -13.727  -13.727
  -13.712  -13.712  -13.707  -13.707  -13.688  -13.688  -13.686  -13.686  -13.672  -13.672
   -5.180   -5.180   -4.931   -4.931   -0.032   -0.032    1.176    1.176    3.857    3.857
    4.168    4.168    4.745    4.745    5.738    5.738    6.486    6.486    6.964    6.964
    8.848    8.848   10.098   10.098   10.999   10.999   11.536   11.536   11.918   11.918
            0.500000  0.236617  0.000000
  -13.752  -13.752  -13.743  -13.743  -13.741  -13.741  -13.737  -13.737  -13.727  -13.727
  -13.712  -13.712  -13.707  -13.707  -13.688  -13.688  -13.686  -13.686  -13.672  -13.672
   -5.158   -5.158   -4.917   -4.917    0.009    0.009    1.189    1.189    3.778    3.778
    4.065    4.065    4.693    4.693    5.626    5.626    6.384    6.384    6.900    6.900
    8.902    8.902   10.283   10.283   11.158   11.158   11.676   11.676   12.010   12.010
            0.500000  0.254819  0.000000
  -13.752  -13.752  -13.744  -13.744  -13.740  -13.740  -13.736  -13.736  -13.727  -13.727
  -13.712  -13.712  -13.706  -13.706  -13.689  -13.689  -13.685  -13.685  -13.672  -13.672
   -5.135   -5.135   -4.902   -4.902    0.052    0.052    1.200    1.200    3.685    3.685
    3.976    3.976    4.651    4.651    5.513    5.513    6.280    6.280    6.837    6.837
    8.963    8.963   10.461   10.461   11.320   11.320   11.795   11.795   12.096   12.096
            0.500000  0.273020  0.000000
  -13.753  -13.753  -13.745  -13.745  -13.739  -13.739  -13.735  -13.735  -13.727  -13.727
  -13.713  -13.713  -13.706  -13.706  -13.689  -13.689  -13.685  -13.685  -13.672  -13.672
   -5.111   -5.111   -4.888   -4.888    0.098    0.098    1.209    1.209    3.585    3.585
    3.897    3.897    4.616    4.616    5.403    5.403    6.173    6.173    6.777    6.777
    9.028    9.028   10.628   10.628   11.485   11.485   11.890   11.890   12.171   12.171
            0.500000  0.291221  0.000000
  -13.754  -13.754  -13.746  -13.746  -13.739  -13.739  -13.735  -13.735  -13.727  -13.727
  -13.713  -13.713  -13.706  -13.706  -13.690  -13.690  -13.684  -13.684  -13.672  -13.672
   -5.086   -5.086   -4.873   -4.873    0.146    0.146    1.216    1.216    3.482    3.482
    3.827    3.827    4.580    4.580    5.302    5.302    6.063    6.063    6.720    6.720
    9.098    9.098   10.777   10.777   11.649   11.649   11.962   11.962   12.221   12.221
            0.500000  0.309422  0.000000
  -13.754  -13.754  -13.747  -13.747  -13.738  -13.738  -13.734  -13.734  -13.727  -13.727
  -13.713  -13.713  -13.705  -13.705  -13.690  -13.690  -13.684  -13.684  -13.672  -13.672
   -5.061   -5.061   -4.859   -4.859    0.195    0.195    1.219    1.219    3.383    3.383
    3.764    3.764    4.540    4.540    5.216    5.216    5.950    5.950    6.667    6.667
    9.170    9.170   10.902   10.902   11.811   11.811   12.015   12.015   12.244   12.244
            0.500000  0.327624  0.000000
  -13.755  -13.755  -13.748  -13.748  -13.737  -13.737  -13.733  -13.733  -13.727  -13.727
  -13.713  -13.713  -13.705  -13.705  -13.691  -13.691  -13.683  -13.683  -13.672  -13.672
   -5.036   -5.036   -4.845   -4.845    0.246    0.246    1.219    1.219    3.288    3.288
    3.708    3.708    4.489    4.489    5.148    5.148    5.838    5.838    6.617    6.617
    9.246    9.246   10.998   10.998   11.964   11.964   12.055   12.055   12.254   12.254
            0.500000  0.345825  0.000000
  -13.756  -13.756  -13.749  -13.749  -13.737  -13.737  -13.732  -13.732  -13.726  -13.726
  -13.714  -13.714  -13.705  -13.705  -13.691  -13.691  -13.682  -13.682  -13.672  -13.672
   -5.011   -5.011   -4.833   -4.833    0.299    0.299    1.215    1.215    3.201    3.201
    3.660    3.660    4.427    4.427    5.099    5.099    5.728    5.728    6.570    6.570
    9.324    9.324   11.059   11.059   12.059   12.059   12.126   12.126   12.272   12.272
            0.500000  0.364026  0.000000
  -13.756  -13.756  -13.750  -13.750  -13.736  -13.736  -13.732  -13.732  -13.726  -13.726
  -13.714  -13.714  -13.704  -13.704  -13.692  -13.692  -13.682  -13.682  -13.672  -13.672
   -4.986   -4.986   -4.821   -4.821    0.352    0.352    1.206    1.206    3.122    3.122
    3.619    3.619    4.357    4.357    5.063    5.063    5.624    5.624    6.525    6.525
    9.405    9.405   11.086   11.086   12.075   12.075   12.217   12.217   12.337   12.337
            0.500000  0.382228  0.000000
  -13.757  -13.757  -13.750  -13.750  -13.736  -13.736  -13.731  -13.731  -13.726  -13.726
  -13.715  -13.715  -13.704  -13.704  -13.692  -13.692  -13.681  -13.681  -13.672  -13.672
   -4.962   -4.962   -4.811   -4.811    0.406    0.406    1.192    1.192    3.052    3.052
    3.583    3.583    4.284    4.284    5.033    5.033    5.531    5.531    6.482    6.482
    9.488    9.488   11.080   11.080   12.080   12.080   12.258   12.258   12.455   12.455
            0.500000  0.400429  0.000000
  -13.757  -13.757  -13.751  -13.751  -13.736  -13.736  -13.730  -13.730  -13.726  -13.726
  -13.715  -13.715  -13.703  -13.703  -13.692  -13.692  -13.681  -13.681  -13.672  -13.672
   -4.938   -4.938   -4.802   -4.802    0.460    0.460    1.174    1.174    2.991    2.991
    3.553    3.553    4.213    4.213    4.999    4.999    5.456    5.456    6.441    6.441
    9.572    9.572   11.048   11.048   12.084   12.084   12.283   12.283   12.578   12.578
            0.500000  0.418630  0.000000
  -13.758  -13.758  -13.752  -13.752  -13.735  -13.735  -13.729  -13.729  -13.725  -13.725
  -13.715  -13.715  -13.703  -13.703  -13.693  -13.693  -13.680  -13.680  -13.672  -13.672
   -4.916   -4.916   -4.794   -4.794    0.514    0.514    1.152    1.152    2.940    2.940
    3.525    3.525    4.151    4.151    4.955    4.955    5.404    5.404    6.402    6.402
    9.659    9.659   10.996   10.996   12.089   12.089   12.301   12.301   12.692   12.692
            0.500000  0.436832  0.000000
  -13.758  -13.758  -13.752  -13.752  -13.735  -13.735  -13.729  -13.729  -13.725  -13.725
  -13.716  -13.716  -13.703  -13.703  -13.693  -13.693  -13.680  -13.680  -13.672  -13.672
   -4.894   -4.894   -4.789   -4.789    0.567    0.567    1.126    1.126    2.898    2.898
    3.498    3.498    4.102    4.102    4.897    4.897    5.375    5.375    6.365    6.365
    9.746    9.746   10.929   10.929   12.096   12.096   12.311   12.311   12.792   12.792
            0.500000  0.455033  0.000000
  -13.759  -13.759  -13.753  -13.753  -13.735  -13.735  -13.728  -13.728  -13.725  -13.725
  -13.716  -13.716  -13.703  -13.703  -13.693  -13.693  -13.679  -13.679  -13.673  -13.673
   -4.874   -4.874   -4.785   -4.785    0.619    0.619    1.096    1.096    2.865    2.865
    3.471    3.471    4.069    4.069    4.830    4.830    5.364    5.364    6.332    6.332
    9.834    9.834   10.852   10.852   12.105   12.105   12.314   12.314   12.877   12.877
            0.500000  0.473234  0.000000
  -13.759  -13.759  -13.753  -13.753  -13.735  -13.735  -13.728  -13.728  -13.725  -13.725
  -13.717  -13.717  -13.702  -13.702  -13.694  -13.694  -13.679  -13.679  -13.673  -13.673
   -4.856   -4.856   -4.784   -4.784    0.669    0.669    1.063    1.063    2.841    2.841
    3.442    3.442    4.051    4.051    4.761    4.761    5.365    5.365    6.302    6.302
    9.922    9.922   10.771   10.771   12.116   12.116   12.311   12.311   12.946   12.946
            0.500000  0.491436  0.000000
  -13.759  -13.759  -13.754  -13.754  -13.735  -13.735  -13.728  -13.728  -13.724  -13.724
  -13.717  -13.717  -13.702  -13.702  -13.694  -13.694  -13.678  -13.678  -13.673  -13.673
   -4.840   -4.840   -4.785   -4.785    0.717    0.717    1.029    1.029    2.824    2.824
    3.416    3.416    4.046    4.046    4.697    4.697    5.370    5.370    6.277    6.277
   10.008   10.008   10.688   10.688   12.129   12.129   12.302   12.302   13.000   13.000
            0.500000  0.509637  0.000000
  -13.760  -13.760  -13.754  -13.754  -13.735  -13.735  -13.727  -13.727  -13.724  -13.724
  -13.717  -13.717  -13.702  -13.702  -13.694  -13.694  -13.678  -13.678  -13.673  -13.673
   -4.825   -4.825   -4.788   -4.788    0.761    0.761    0.996    0.996    2.813    2.813
    3.394    3.394    4.050    4.050    4.644    4.644    5.377    5.377    6.259    6.259
   10.087   10.087   10.610   10.610   12.141   12.141   12.292   12.292   13.038   13.038
            0.500000  0.527838  0.000000
  -13.760  -13.760  -13.754  -13.754  -13.735  -13.735  -13.727  -13.727  -13.724  -13.724
  -13.717  -13.717  -13.702  -13.702  -13.694  -13.694  -13.678  -13.678  -13.673  -13.673
   -4.814   -4.814   -4.793   -4.793    0.795    0.795    0.967    0.967    2.807    2.807
    3.379    3.379    4.055    4.055    4.608    4.608    5.383    5.383    6.247    6.247
   10.150   10.150   10.548   10.548   12.150   12.150   12.283   12.283   13.061   13.061
            0.500000  0.546040  0.000000
  -13.760  -13.760  -13.754  -13.754  -13.735  -13.735  -13.727  -13.727  -13.724  -13.724
  -13.717  -13.717  -13.702  -13.702  -13.694  -13.694  -13.678  -13.678  -13.673  -13.673
   -4.807   -4.807   -4.797   -4.797    0.810    0.810    0.954    0.954    2.805    2.805
    3.374    3.374    4.058    4.058    4.596    4.596    5.385    5.385    6.243    6.243
   10.176   10.176   10.522   10.522   12.154   12.154   12.280   12.280   13.068   13.068
            0.483333  0.546040  0.000000
  -13.760  -13.760  -13.754  -13.754  -13.735  -13.735  -13.727  -13.727  -13.724  -13.724
  -13.717  -13.717  -13.702  -13.702  -13.694  -13.694  -13.678  -13.678  -13.673  -13.673
   -4.808   -4.808   -4.798   -4.798    0.806    0.806    0.954    0.954    2.809    2.809
    3.379    3.379    4.058    4.058    4.603    4.603    5.383    5.383    6.246    6.246
   10.157   10.157   10.538   10.538   12.149   12.149   12.279   12.279   13.057   13.057
            0.466667  0.546040  0.000000
  -13.760  -13.760  -13.754  -13.754  -13.735  -13.735  -13.727  -13.727  -13.724  -13.724
  -13.717  -13.717  -13.702  -13.702  -13.694  -13.694  -13.678  -13.678  -13.673  -13.673
   -4.810   -4.810   -4.799   -4.799    0.794    0.794    0.953    0.953    2.820    2.820
    3.394    3.394    4.059    4.059    4.625    4.625    5.377    5.377    6.256    6.256
   10.108   10.108   10.578   10.578   12.135   12.135   12.277   12.277   13.025   13.025
            0.450000  0.546040  0.000000
  -13.759  -13.759  -13.754  -13.754  -13.735  -13.735  -13.727  -13.727  -13.724  -13.724
  -13.717  -13.717  -13.702  -13.702  -13.694  -13.694  -13.678  -13.678  -13.673  -13.673
   -4.814   -4.814   -4.801   -4.801    0.776    0.776    0.951    0.951    2.838    2.838
    3.420    3.420    4.061    4.061    4.660    4.660    5.368    5.368    6.271    6.271
   10.040   10.040   10.629   10.629   12.113   12.113   12.270   12.270   12.972   12.972
            0.433333  0.546040  0.000000
  -13.759  -13.759  -13.754  -13.754  -13.735  -13.735  -13.727  -13.727  -13.724  -13.724
  -13.717  -13.717  -13.702  -13.702  -13.694  -13.694  -13.678  -13.678  -13.673  -13.673
   -4.818   -4.818   -4.804   -4.804    0.753    0.753    0.948    0.948    2.864    2.864
    3.453    3.453    4.067    4.067    4.707    4.707    5.357    5.357    6.291    6.291
    9.962    9.962   10.684   10.684   12.083   12.083   12.257   12.257   12.901   12.901
            0.416667  0.546040  0.000000
  -13.759  -13.759  -13.754  -13.754  -13.735  -13.735  -13.727  -13.727  -13.724  -13.724
  -13.717  -13.717  -13.702  -13.702  -13.695  -13.695  -13.678  -13.678  -13.673  -13.673
   -4.824   -4.824   -4.807   -4.807    0.724    0.724    0.942    0.942    2.897    2.897
    3.495    3.495    4.078    4.078    4.762    4.762    5.346    5.346    6.316    6.316
    9.877    9.877   10.738   10.738   12.045   12.045   12.235   12.235   12.815   12.815
            0.400000  0.546040  0.000000
  -13.759  -13.759  -13.753  -13.753  -13.735  -13.735  -13.727  -13.727  -13.724  -13.724
  -13.718  -13.718  -13.702  -13.702  -13.695  -13.695  -13.678  -13.678  -13.673  -13.673
   -4.831   -4.831   -4.812   -4.812    0.692    0.692    0.935    0.935    2.937    2.937
    3.542    3.542    4.096    4.096    4.825    4.825    5.334    5.334    6.345    6.345
    9.787    9.787   10.787   10.787   12.000   12.000   12.202   12.202   12.718   12.718
            0.383333  0.546040  0.000000
  -13.759  -13.759  -13.753  -13.753  -13.735  -13.735  -13.728  -13.728  -13.724  -13.724
  -13.718  -13.718  -13.702  -13.702  -13.695  -13.695  -13.678  -13.678  -13.673  -13.673
   -4.839   -4.839   -4.817   -4.817    0.657    0.657    0.926    0.926    2.983    2.983
    3.594    3.594    4.122    4.122    4.893    4.893    5.325    5.325    6.377    6.377
    9.693    9.693   10.830   10.830   11.946   11.946   12.156   12.156   12.615   12.615
            0.366667  0.546040  0.000000
  -13.758  -13.758  -13.753  -13.753  -13.734  -13.734  -13.728  -13.728  -13.724  -13.724
  -13.718  -13.718  -13.703  -13.703  -13.695  -13.695  -13.678  -13.678  -13.673  -13.673
   -4.847   -4.847   -4.823   -4.823    0.619    0.619    0.914    0.914    3.037    3.037
    3.648    3.648    4.157    4.157    4.962    4.962    5.322    5.322    6.411    6.411
    9.595    9.595   10.861   10.861   11.885   11.885   12.095   12.095   12.509   12.509
            0.350000  0.546040  0.000000
  -13.758  -13.758  -13.753  -13.753  -13.734  -13.734  -13.728  -13.728  -13.724  -13.724
  -13.718  -13.718  -13.703  -13.703  -13.695  -13.695  -13.678  -13.678  -13.673  -13.673
   -4.857   -4.857   -4.830   -4.830    0.580    0.580    0.901    0.901    3.098    3.098
    3.704    3.704    4.203    4.203    5.029    5.029    5.327    5.327    6.449    6.449
    9.494    9.494   10.878   10.878   11.820   11.820   12.021   12.021   12.403   12.403
            0.333333  0.546040  0.000000
  -13.757  -13.757  -13.752  -13.752  -13.734  -13.734  -13.728  -13.728  -13.724  -13.724
  -13.718  -13.718  -13.703  -13.703  -13.695  -13.695  -13.678  -13.678  -13.673  -13.673
   -4.866   -4.866   -4.838   -4.838    0.540    0.540    0.887    0.887    3.164    3.164
    3.760    3.760    4.257    4.257    5.089    5.089    5.349    5.349    6.488    6.488
    9.390    9.390   10.872   10.872   11.753   11.753   11.936   11.936   12.297   12.297
            0.316667  0.546040  0.000000
  -13.757  -13.757  -13.752  -13.752  -13.734  -13.734  -13.728  -13.728  -13.724  -13.724
  -13.718  -13.718  -13.703  -13.703  -13.696  -13.696  -13.678  -13.678  -13.673  -13.673
   -4.877   -4.877   -4.846   -4.846    0.499    0.499    0.871    0.871    3.237    3.237
    3.815    3.815    4.320    4.320    5.136    5.136    5.390    5.390    6.529    6.529
    9.284    9.284   10.839   10.839   11.684   11.684   11.853   11.853   12.189   12.189
            0.300000  0.546040  0.000000
  -13.757  -13.757  -13.752  -13.752  -13.734  -13.734  -13.728  -13.728  -13.724  -13.724
  -13.718  -13.718  -13.703  -13.703  -13.696  -13.696  -13.677  -13.677  -13.673  -13.673
   -4.887   -4.887   -4.854   -4.854    0.458    0.458    0.855    0.855    3.315    3.315
    3.870    3.870    4.390    4.390    5.173    5.173    5.451    5.451    6.571    6.571
    9.176    9.176   10.774   10.774   11.602   11.602   11.788   11.788   12.079   12.079
            0.283333  0.546040  0.000000
  -13.756  -13.756  -13.751  -13.751  -13.734  -13.734  -13.728  -13.728  -13.724  -13.724
  -13.718  -13.718  -13.703  -13.703  -13.696  -13.696  -13.677  -13.677  -13.674  -13.674
   -4.898   -4.898   -4.863   -4.863    0.418    0.418    0.837    0.837    3.398    3.398
    3.924    3.924    4.463    4.463    5.206    5.206    5.524    5.524    6.615    6.615
    9.067    9.067   10.680   10.680   11.499   11.499   11.748   11.748   11.973   11.973
            0.266667  0.546040  0.000000
  -13.756  -13.756  -13.751  -13.751  -13.734  -13.734  -13.728  -13.728  -13.724  -13.724
  -13.718  -13.718  -13.703  -13.703  -13.696  -13.696  -13.677  -13.677  -13.674  -13.674
   -4.909   -4.909   -4.872   -4.872    0.379    0.379    0.819    0.819    3.485    3.485
    3.978    3.978    4.537    4.537    5.244    5.244    5.603    5.603    6.660    6.660
    8.957    8.957   10.561   10.561   11.380   11.380   11.709   11.709   11.890   11.890
            0.250000  0.546040  0.000000
  -13.755  -13.755  -13.751  -13.751  -13.734  -13.734  -13.728  -13.728  -13.725  -13.725
  -13.718  -13.718  -13.703  -13.703  -13.697  -13.697  -13.677  -13.677  -13.674  -13.674
   -4.920   -4.920   -4.881   -4.881    0.340    0.340    0.801    0.801    3.576    3.576
    4.031    4.031    4.610    4.610    5.292    5.292    5.684    5.684    6.706    6.706
    8.849    8.849   10.425   10.425   11.249   11.249   11.630   11.630   11.861   11.861
            0.233333  0.546040  0.000000
  -13.755  -13.755  -13.750  -13.750  -13.734  -13.734  -13.729  -13.729  -13.725  -13.725
  -13.719  -13.719  -13.703  -13.703  -13.697  -13.697  -13.677  -13.677  -13.674  -13.674
   -4.931   -4.931   -4.890   -4.890    0.303    0.303    0.783    0.783    3.668    3.668
    4.085    4.085    4.680    4.680    5.352    5.352    5.763    5.763    6.751    6.751
    8.744    8.744   10.277   10.277   11.110   11.110   11.524   11.524   11.871   11.871
            0.216667  0.546040  0.000000
  -13.754  -13.754  -13.750  -13.750  -13.734  -13.734  -13.729  -13.729  -13.725  -13.725
  -13.719  -13.719  -13.704  -13.704  -13.697  -13.697  -13.677  -13.677  -13.674  -13.674
   -4.941   -4.941   -4.899   -4.899    0.268    0.268    0.765    0.765    3.760    3.760
    4.141    4.141    4.745    4.745    5.426    5.426    5.839    5.839    6.795    6.795
    8.645    8.645   10.122   10.122   10.964   10.964   11.411   11.411   11.887   11.887
            0.200000  0.546040  0.000000
  -13.754  -13.754  -13.750  -13.750  -13.734  -13.734  -13.729  -13.729  -13.725  -13.725
  -13.719  -13.719  -13.704  -13.704  -13.698  -13.698  -13.677  -13.677  -13.674  -13.674
   -4.952   -4.952   -4.908   -4.908    0.235    0.235    0.748    0.748    3.848    3.848
    4.200    4.200    4.807    4.807    5.512    5.512    5.910    5.910    6.835    6.835
    8.556    8.556    9.964    9.964   10.811   10.811   11.302   11.302   11.879   11.879
            0.183333  0.546040  0.000000
  -13.753  -13.753  -13.749  -13.749  -13.734  -13.734  -13.729  -13.729  -13.725  -13.725
  -13.719  -13.719  -13.704  -13.704  -13.698  -13.698  -13.677  -13.677  -13.674  -13.674
   -4.962   -4.962   -4.916   -4.916    0.204    0.204    0.731    0.731    3.927    3.927
    4.267    4.267    4.868    4.868    5.607    5.607    5.975    5.975    6.867    6.867
    8.481    8.481    9.807    9.807   10.654   10.654   11.198   11.198   11.799   11.799
            0.166667  0.546040  0.000000
  -13.753  -13.753  -13.749  -13.749  -13.734  -13.734  -13.729  -13.729  -13.725  -13.725
  -13.719  -13.719  -13.704  -13.704  -13.698  -13.698  -13.677  -13.677  -13.674  -13.674
   -4.971   -4.971   -4.924   -4.924    0.175    0.175    0.715    0.715    3.994    3.994
    4.346    4.346    4.927    4.927    5.707    5.707    6.035    6.035    6.887    6.887
    8.424    8.424    9.653    9.653   10.493   10.493   11.099   11.099   11.663   11.663
            0.150000  0.546040  0.000000
  -13.752  -13.752  -13.749  -13.749  -13.734  -13.734  -13.729  -13.729  -13.725  -13.725
  -13.719  -13.719  -13.704  -13.704  -13.698  -13.698  -13.677  -13.677  -13.674  -13.674
   -4.980   -4.980   -4.932   -4.932    0.149    0.149    0.700    0.700    4.046    4.046
    4.438    4.438    4.987    4.987    5.807    5.807    6.090    6.090    6.891    6.891
    8.391    8.391    9.505    9.505   10.333   10.333   11.003   11.003   11.512   11.512
            0.133333  0.546040  0.000000
  -13.752  -13.752  -13.748  -13.748  -13.734  -13.734  -13.730  -13.730  -13.725  -13.725
  -13.719  -13.719  -13.704  -13.704  -13.699  -13.699  -13.677  -13.677  -13.674  -13.674
   -4.988   -4.988   -4.939   -4.939    0.125    0.125    0.687    0.687    4.084    4.084
    4.541    4.541    5.046    5.046    5.899    5.899    6.146    6.146    6.878    6.878
    8.384    8.384    9.364    9.364   10.175   10.175   10.908   10.908   11.365   11.365
            0.116667  0.546040  0.000000
  -13.752  -13.752  -13.748  -13.748  -13.734  -13.734  -13.730  -13.730  -13.725  -13.725
  -13.720  -13.720  -13.704  -13.704  -13.699  -13.699  -13.677  -13.677  -13.674  -13.674
   -4.995   -4.995   -4.945   -4.945    0.103    0.103    0.674    0.674    4.111    4.111
    4.653    4.653    5.105    5.105    5.971    5.971    6.209    6.209    6.849    6.849
    8.403    8.403    9.234    9.234   10.022   10.022   10.808   10.808   11.233   11.233
            0.100000  0.546040  0.000000
  -13.751  -13.751  -13.748  -13.748  -13.734  -13.734  -13.730  -13.730  -13.725  -13.725
  -13.720  -13.720  -13.704  -13.704  -13.699  -13.699  -13.676  -13.676  -13.674  -13.674
   -5.001   -5.001   -4.951   -4.951    0.084    0.084    0.663    0.663    4.130    4.130
    4.770    4.770    5.161    5.161    6.014    6.014    6.285    6.285    6.807    6.807
    8.445    8.445    9.115    9.115    9.878    9.878   10.700   10.700   11.122   11.122
            0.083333  0.546040  0.000000
  -13.751  -13.751  -13.748  -13.748  -13.734  -13.734  -13.730  -13.730  -13.725  -13.725
  -13.720  -13.720  -13.704  -13.704  -13.699  -13.699  -13.676  -13.676  -13.674  -13.674
   -5.007   -5.007   -4.956   -4.956    0.069    0.069    0.654    0.654    4.144    4.144
    4.889    4.889    5.213    5.213    6.027    6.027    6.367    6.367    6.760    6.760
    8.502    8.502    9.012    9.012    9.746    9.746   10.583   10.583   11.036   11.036
            0.066667  0.546040  0.000000
  -13.751  -13.751  -13.748  -13.748  -13.734  -13.734  -13.730  -13.730  -13.725  -13.725
  -13.720  -13.720  -13.704  -13.704  -13.699  -13.699  -13.676  -13.676  -13.674  -13.674
   -5.011   -5.011   -4.960   -4.960    0.055    0.055    0.646    0.646    4.153    4.153
    5.006    5.006    5.260    5.260    6.014    6.014    6.448    6.448    6.716    6.716
    8.565    8.565    8.927    8.927    9.631    9.631   10.464   10.464   10.973   10.973
            0.050000  0.546040  0.000000
  -13.751  -13.751  -13.747  -13.747  -13.734  -13.734  -13.730  -13.730  -13.725  -13.725
  -13.720  -13.720  -13.704  -13.704  -13.700  -13.700  -13.676  -13.676  -13.674  -13.674
   -5.015   -5.015   -4.963   -4.963    0.045    0.045    0.640    0.640    4.160    4.160
    5.117    5.117    5.299    5.299    5.981    5.981    6.519    6.519    6.679    6.679
    8.624    8.624    8.865    8.865    9.536    9.536   10.353   10.353   10.928   10.928
            0.033333  0.546040  0.000000
  -13.751  -13.751  -13.747  -13.747  -13.734  -13.734  -13.730  -13.730  -13.725  -13.725
  -13.720  -13.720  -13.704  -13.704  -13.700  -13.700  -13.676  -13.676  -13.674  -13.674
   -5.018   -5.018   -4.965   -4.965    0.038    0.038    0.635    0.635    4.164    4.164
    5.213    5.213    5.329    5.329    5.937    5.937    6.573    6.573    6.654    6.654
    8.665    8.665    8.831    8.831    9.467    9.467   10.261   10.261   10.897   10.897
            0.016667  0.546040  0.000000
  -13.750  -13.750  -13.747  -13.747  -13.734  -13.734  -13.730  -13.730  -13.725  -13.725
  -13.720  -13.720  -13.704  -13.704  -13.700  -13.700  -13.676  -13.676  -13.674  -13.674
   -5.019   -5.019   -4.966   -4.966    0.034    0.034    0.633    0.633    4.166    4.166
    5.281    5.281    5.351    5.351    5.896    5.896    6.605    6.605    6.643    6.643
    8.680    8.680    8.825    8.825    9.426    9.426   10.198   10.198   10.880   10.880
            0.000000  0.546040  0.000000
  -13.750  -13.750  -13.747  -13.747  -13.734  -13.734  -13.730  -13.730  -13.725  -13.725
  -13.720  -13.720  -13.704  -13.704  -13.700  -13.700  -13.676  -13.676  -13.674  -13.674
   -5.020   -5.020   -4.967   -4.967    0.032    0.032    0.632    0.632    4.167    4.167
    5.305    5.305    5.360    5.360    5.878    5.878    6.613    6.613    6.642    6.642
    8.681    8.681    8.826    8.826    9.412    9.412   10.176   10.176   10.875   10.875
            0.000000  0.527838  0.000000
  -13.751  -13.750  -13.747  -13.747  -13.734  -13.734  -13.731  -13.730  -13.725  -13.725
  -13.721  -13.719  -13.705  -13.703  -13.700  -13.699  -13.677  -13.676  -13.675  -13.674
   -5.065   -4.989   -4.977   -4.947   -0.007    0.078    0.601    0.669    4.089    4.242
    5.281    5.302    5.323    5.418    5.790    5.961    6.609    6.615    6.627    6.663
    8.680    8.698    8.752    8.895    9.395    9.438   10.133   10.229   10.841   10.923
            0.000000  0.509637  0.000000
  -13.751  -13.750  -13.748  -13.747  -13.734  -13.733  -13.731  -13.730  -13.726  -13.724
  -13.722  -13.718  -13.705  -13.702  -13.701  -13.699  -13.677  -13.675  -13.675  -13.674
   -5.111   -5.014   -4.935   -4.930   -0.039    0.132    0.576    0.711    4.010    4.313
    5.244    5.251    5.334    5.475    5.700    6.032    6.581    6.621    6.646    6.677
    8.673    8.696    8.730    8.955    9.388    9.472   10.102   10.291   10.826   10.986
            0.000000  0.491436  0.000000
  -13.751  -13.749  -13.748  -13.747  -13.735  -13.733  -13.731  -13.730  -13.726  -13.724
  -13.723  -13.718  -13.706  -13.701  -13.701  -13.698  -13.678  -13.675  -13.675  -13.674
   -5.159   -5.041   -4.916   -4.896   -0.064    0.193    0.559    0.759    3.931    4.380
    5.188    5.217    5.338    5.530    5.610    6.085    6.542    6.654    6.669    6.684
    8.591    8.728    8.775    9.005    9.390    9.514   10.083   10.361   10.831   11.059
            0.000000  0.473234  0.000000
  -13.751  -13.749  -13.748  -13.746  -13.735  -13.733  -13.731  -13.730  -13.727  -13.724
  -13.724  -13.717  -13.707  -13.702  -13.700  -13.698  -13.679  -13.676  -13.674  -13.673
   -5.207   -5.070   -4.904   -4.859   -0.081    0.260    0.548    0.812    3.852    4.439
    5.136    5.179    5.335    5.523    5.582    6.118    6.499    6.687    6.694    6.712
    8.508    8.776    8.832    9.040    9.403    9.566   10.076   10.438   10.855   11.142
            0.000000  0.455033  0.000000
  -13.751  -13.749  -13.748  -13.746  -13.736  -13.733  -13.732  -13.730  -13.727  -13.724
  -13.724  -13.716  -13.708  -13.702  -13.699  -13.697  -13.679  -13.676  -13.674  -13.673
   -5.256   -5.101   -4.896   -4.825   -0.092    0.334    0.543    0.869    3.774    4.489
    5.089    5.138    5.326    5.437    5.631    6.131    6.452    6.687    6.719    6.792
    8.426    8.838    8.899    9.060    9.428    9.630   10.084   10.520   10.900   11.232
            0.000000  0.436832  0.000000
  -13.750  -13.748  -13.747  -13.746  -13.736  -13.733  -13.732  -13.730  -13.727  -13.725
  -13.723  -13.715  -13.709  -13.703  -13.698  -13.697  -13.680  -13.677  -13.673  -13.673
   -5.305   -5.133   -4.891   -4.793   -0.096    0.414    0.546    0.930    3.697    4.528
    5.049    5.096    5.311    5.355    5.675    6.129    6.404    6.685    6.743    6.888
    8.346    8.915    8.973    9.065    9.463    9.704   10.105   10.607   10.965   11.328
            0.000000  0.418630  0.000000
  -13.750  -13.747  -13.747  -13.745  -13.737  -13.733  -13.733  -13.730  -13.728  -13.726
  -13.723  -13.715  -13.709  -13.703  -13.697  -13.696  -13.681  -13.677  -13.673  -13.673
   -5.354   -5.166   -4.888   -4.764   -0.094    0.500    0.556    0.994    3.623    4.551
    5.019    5.054    5.276    5.290    5.716    6.116    6.355    6.684    6.766    6.994
    8.270    9.003    9.055    9.055    9.510    9.789   10.140   10.696   11.046   11.428
            0.000000  0.400429  0.000000
  -13.750  -13.747  -13.747  -13.745  -13.737  -13.734  -13.733  -13.730  -13.728  -13.727
  -13.723  -13.714  -13.710  -13.703  -13.696  -13.696  -13.682  -13.677  -13.673  -13.672
   -5.403   -5.200   -4.888   -4.738   -0.086    0.573    0.591    1.061    3.550    4.558
    4.999    5.011    5.200    5.264    5.752    6.096    6.306    6.686    6.788    7.103
    8.204    9.035    9.102    9.142    9.567    9.882   10.190   10.787   11.143   11.531
            0.000000  0.382228  0.000000
  -13.750  -13.747  -13.746  -13.745  -13.738  -13.734  -13.734  -13.731  -13.728  -13.727
  -13.723  -13.713  -13.711  -13.704  -13.695  -13.695  -13.682  -13.678  -13.673  -13.672
   -5.451   -5.234   -4.890   -4.715   -0.073    0.596    0.688    1.130    3.480    4.550
    4.971    4.988    5.128    5.234    5.784    6.072    6.258    6.692    6.807    7.205
    8.152    9.007    9.210    9.234    9.633    9.983   10.253   10.877   11.252   11.635
            0.000000  0.364026  0.000000
  -13.749  -13.747  -13.745  -13.745  -13.738  -13.734  -13.734  -13.731  -13.728  -13.728
  -13.723  -13.713  -13.712  -13.704  -13.695  -13.694  -13.683  -13.678  -13.673  -13.672
   -5.499   -5.269   -4.894   -4.694   -0.055    0.625    0.789    1.200    3.414    4.531
    4.932    4.983    5.059    5.202    5.812    6.044    6.212    6.703    6.824    7.291
    8.125    8.972    9.327    9.330    9.708   10.089   10.328   10.963   11.373   11.740
            0.000000  0.345825  0.000000
  -13.749  -13.746  -13.745  -13.745  -13.738  -13.735  -13.734  -13.732  -13.728  -13.728
  -13.722  -13.712  -13.712  -13.705  -13.694  -13.693  -13.684  -13.679  -13.673  -13.671
   -5.545   -5.304   -4.901   -4.676   -0.033    0.660    0.894    1.271    3.350    4.504
    4.896    4.979    4.994    5.166    5.835    6.014    6.168    6.719    6.839    7.347
    8.135    8.934    9.429    9.450    9.791   10.197   10.413   11.043   11.502   11.844
            0.000000  0.327624  0.000000
  -13.749  -13.746  -13.746  -13.744  -13.738  -13.736  -13.735  -13.733  -13.728  -13.727
  -13.722  -13.713  -13.712  -13.705  -13.694  -13.692  -13.684  -13.679  -13.673  -13.671
   -5.590   -5.338   -4.909   -4.661   -0.007    0.700    1.003    1.341    3.290    4.473
    4.863    4.934    4.973    5.130    5.854    5.982    6.127    6.741    6.852    7.366
    8.188    8.893    9.531    9.578    9.880   10.308   10.508   11.115   11.638   11.944
            0.000000  0.309422  0.000000
  -13.748  -13.746  -13.746  -13.743  -13.738  -13.736  -13.735  -13.734  -13.729  -13.727
  -13.722  -13.714  -13.711  -13.706  -13.693  -13.691  -13.685  -13.680  -13.673  -13.671
   -5.634   -5.372   -4.919   -4.648    0.021    0.746    1.114    1.411    3.235    4.440
    4.830    4.880    4.964    5.092    5.870    5.948    6.089    6.769    6.862    7.350
    8.283    8.851    9.636    9.711    9.973   10.417   10.608   11.176   11.781   12.032
            0.000000  0.291221  0.000000
  -13.748  -13.747  -13.745  -13.742  -13.738  -13.737  -13.736  -13.735  -13.729  -13.727
  -13.722  -13.715  -13.711  -13.706  -13.692  -13.690  -13.686  -13.680  -13.674  -13.671
   -5.677   -5.405   -4.930   -4.638    0.052    0.795    1.228    1.479    3.183    4.408
    4.791    4.840    4.950    5.054    5.883    5.914    6.055    6.800    6.869    7.309
    8.407    8.808    9.741    9.847   10.071   10.522   10.713   11.223   11.928   12.013
            0.000000  0.273020  0.000000
  -13.748  -13.747  -13.745  -13.742  -13.738  -13.737  -13.736  -13.736  -13.729  -13.726
  -13.722  -13.715  -13.710  -13.707  -13.692  -13.689  -13.686  -13.681  -13.674  -13.670
   -5.717   -5.437   -4.942   -4.629    0.084    0.848    1.344    1.544    3.136    4.378
    4.744    4.815    4.932    5.016    5.878    5.893    6.025    6.835    6.875    7.253
    8.552    8.766    9.846    9.985   10.170   10.621   10.819   11.255   11.990   12.078
            0.000000  0.254819  0.000000
  -13.749  -13.747  -13.744  -13.741  -13.738  -13.737  -13.737  -13.737  -13.729  -13.726
  -13.722  -13.716  -13.710  -13.707  -13.691  -13.688  -13.687  -13.681  -13.674  -13.670
   -5.756   -5.468   -4.954   -4.623    0.117    0.904    1.461    1.606    3.094    4.350
    4.696    4.801    4.910    4.980    5.842    5.901    6.001    6.872    6.879    7.190
    8.710    8.725    9.949   10.122   10.270   10.709   10.924   11.272   11.958   12.229
            0.000000  0.236617  0.000000
  -13.750  -13.747  -13.744  -13.740  -13.739  -13.738  -13.737  -13.736  -13.729  -13.726
  -13.722  -13.717  -13.710  -13.708  -13.691  -13.687  -13.687  -13.681  -13.674  -13.670
   -5.792   -5.498   -4.967   -4.618    0.151    0.961    1.578    1.664    3.057    4.326
    4.649    4.793    4.884    4.944    5.805    5.903    5.983    6.880    6.909    7.123
    8.684    8.877   10.048   10.257   10.368   10.782   11.025   11.277   11.916   12.344
            0.000000  0.218416  0.000000
  -13.751  -13.746  -13.744  -13.739  -13.739  -13.739  -13.738  -13.736  -13.729  -13.725
  -13.722  -13.717  -13.709  -13.708  -13.691  -13.688  -13.687  -13.682  -13.674  -13.670
   -5.826   -5.526   -4.980   -4.614    0.184    1.019    1.694    1.718    3.025    4.306
    4.605    4.790    4.854    4.910    5.768    5.899    5.975    6.881    6.946    7.054
    8.645    9.050   10.138   10.387   10.463   10.835   11.122   11.272   11.867   12.391
            0.000000  0.200215  0.000000
  -13.752  -13.746  -13.743  -13.740  -13.739  -13.739  -13.738  -13.735  -13.729  -13.725
  -13.722  -13.718  -13.709  -13.709  -13.690  -13.689  -13.686  -13.682  -13.674  -13.669
   -5.858   -5.552   -4.992   -4.612    0.216    1.078    1.766    1.809    2.998    4.290
    4.564    4.792    4.823    4.877    5.731    5.888    5.977    6.879    6.981    6.987
    8.608    9.226   10.215   10.504   10.553   10.866   11.214   11.263   11.817   12.424
            0.000000  0.182013  0.000000
  -13.753  -13.746  -13.743  -13.741  -13.739  -13.739  -13.738  -13.735  -13.728  -13.724
  -13.722  -13.718  -13.709  -13.709  -13.690  -13.689  -13.685  -13.683  -13.674  -13.669
   -5.888   -5.577   -5.005   -4.611    0.247    1.135    1.809    1.921    2.976    4.279
    4.527    4.789    4.799    4.847    5.694    5.875    5.985    6.877    6.921    7.013
    8.572    9.404   10.277   10.602   10.636   10.872   11.259   11.304   11.771   12.445
            0.000000  0.163812  0.000000
  -13.754  -13.746  -13.742  -13.742  -13.739  -13.739  -13.737  -13.735  -13.728  -13.724
  -13.722  -13.719  -13.709  -13.709  -13.690  -13.689  -13.684  -13.683  -13.674  -13.669
   -5.915   -5.599   -5.016   -4.610    0.277    1.190    1.846    2.029    2.958    4.273
    4.492    4.753    4.808    4.819    5.657    5.860    5.998    6.858    6.874    7.042
    8.538    9.583   10.320   10.667   10.710   10.856   11.273   11.396   11.735   12.455
            0.000000  0.145611  0.000000
  -13.755  -13.746  -13.743  -13.742  -13.740  -13.739  -13.737  -13.734  -13.728  -13.724
  -13.723  -13.720  -13.710  -13.709  -13.690  -13.689  -13.684  -13.683  -13.674  -13.669
   -5.939   -5.620   -5.027   -4.611    0.304    1.243    1.877    2.132    2.945    4.271
    4.461    4.716    4.794    4.821    5.621    5.847    6.012    6.799    6.871    7.067
    8.507    9.760   10.344   10.693   10.774   10.821   11.311   11.491   11.713   12.455
            0.000000  0.127409  0.000000
  -13.756  -13.747  -13.743  -13.742  -13.740  -13.739  -13.736  -13.734  -13.728  -13.723
  -13.723  -13.720  -13.710  -13.708  -13.690  -13.689  -13.683  -13.683  -13.675  -13.669
   -5.961   -5.638   -5.038   -4.611    0.328    1.292    1.903    2.228    2.936    4.275
    4.433    4.679    4.771    4.835    5.586    5.834    6.028    6.745    6.867    7.089
    8.478    9.932   10.350   10.686   10.774   10.827   11.365   11.591   11.710   12.448
            0.000000  0.109208  0.000000
  -13.757  -13.747  -13.744  -13.741  -13.740  -13.739  -13.736  -13.734  -13.727  -13.723
  -13.723  -13.720  -13.711  -13.708  -13.691  -13.689  -13.684  -13.683  -13.675  -13.669
   -5.980   -5.654   -5.047   -4.612    0.350    1.336    1.924    2.316    2.930    4.283
    4.409    4.641    4.752    4.850    5.553    5.823    6.044    6.697    6.863    7.106
    8.452   10.099   10.342   10.659   10.721   10.869   11.416   11.695   11.733   12.435
            0.000000  0.091007  0.000000
  -13.758  -13.747  -13.745  -13.741  -13.741  -13.738  -13.735  -13.734  -13.727  -13.723
  -13.722  -13.721  -13.711  -13.708  -13.691  -13.688  -13.684  -13.682  -13.675  -13.668
   -5.996   -5.668   -5.054   -4.613    0.369    1.375    1.941    2.395    2.926    4.297
    4.389    4.603    4.735    4.865    5.523    5.814    6.060    6.655    6.859    7.120
    8.429   10.255   10.325   10.624   10.668   10.901   11.450   11.782   11.798   12.416
            0.000000  0.072805  0.000000
  -13.758  -13.747  -13.745  -13.741  -13.741  -13.738  -13.735  -13.733  -13.727  -13.723
  -13.722  -13.721  -13.711  -13.708  -13.691  -13.688  -13.684  -13.682  -13.675  -13.668
   -6.009   -5.679   -5.061   -4.614    0.384    1.408    1.953    2.462    2.924    4.314
    4.372    4.565    4.721    4.879    5.496    5.806    6.075    6.620    6.856    7.130
    8.409   10.304   10.396   10.589   10.620   10.924   11.466   11.849   11.898   12.392
            0.000000  0.054604  0.000000
  -13.758  -13.748  -13.745  -13.741  -13.741  -13.738  -13.735  -13.733  -13.727  -13.723
  -13.722  -13.721  -13.711  -13.708  -13.692  -13.688  -13.684  -13.682  -13.675  -13.668
   -6.019   -5.688   -5.066   -4.615    0.396    1.434    1.962    2.516    2.924    4.336
    4.359    4.527    4.711    4.891    5.474    5.800    6.088    6.592    6.853    7.137
    8.393   10.283   10.518   10.558   10.578   10.940   11.473   11.918   11.987   12.365
            0.000000  0.036403  0.000000
  -13.759  -13.748  -13.746  -13.741  -13.740  -13.738  -13.734  -13.733  -13.726  -13.723
  -13.722  -13.722  -13.712  -13.708  -13.692  -13.688  -13.684  -13.682  -13.675  -13.668
   -6.027   -5.694   -5.070   -4.615    0.405    1.453    1.968    2.556    2.924    4.350
    4.362    4.491    4.703    4.901    5.457    5.795    6.097    6.572    6.851    7.142
    8.382   10.266   10.534   10.547   10.612   10.950   11.475   11.976   12.059   12.340
            0.000000  0.018201  0.000000
  -13.759  -13.748  -13.746  -13.741  -13.740  -13.738  -13.734  -13.733  -13.726  -13.723
  -13.722  -13.722  -13.712  -13.708  -13.692  -13.688  -13.684  -13.682  -13.675  -13.668
   -6.031   -5.698   -5.072   -4.616    0.410    1.464    1.972    2.581    2.924    4.344
    4.390    4.456    4.699    4.906    5.446    5.793    6.103    6.560    6.850    7.145
    8.375   10.255   10.519   10.528   10.672   10.956   11.475   12.014   12.106   12.322
            0.000000  0.000000  0.000000
  -13.759  -13.748  -13.746  -13.742  -13.740  -13.738  -13.734  -13.733  -13.726  -13.723
  -13.722  -13.722  -13.712  -13.708  -13.692  -13.688  -13.684  -13.682  -13.675  -13.668
   -6.033   -5.699   -5.073   -4.616    0.412    1.468    1.973    2.589    2.924    4.342
    4.418    4.425    4.697    4.908    5.443    5.792    6.105    6.556    6.849    7.146
    8.372   10.251   10.514   10.521   10.692   10.958   11.475   12.027   12.123   12.315
