# ecutwfc_Ry  alat_A  ecutrho_Ry  total_energy_Ry  total_energy_per_fu_Ry_fu  converged  iterations  wall_time
30          12.15   300         -827.72996857    -206.9324921425            yes        12          31.97s
30          12.10   300         -827.73150918    -206.9328772950            yes        12          30.18s
30          12.05   300         -827.73297375    -206.9332434375            yes        12          30.00s
30          12.00   300         -827.73434725    -206.9335868125            yes        12          29.09s
30          11.95   300         -827.73561586    -206.9339039650            yes        12          29.27s
30          11.90   300         -827.73677067    -206.9341926675            yes        12          28.58s
30          11.85   300         -827.73779703    -206.9344492575            yes        12          29.46s
30          11.80   300         -827.73868533    -206.9346713325            yes        12          28.75s
30          11.75   300         -827.73941831    -206.9348545775            yes        12          28.85s
30          11.70   300         -827.73998808    -206.9349970200            yes        12          27.99s
30          11.65   300         -827.74038529    -206.9350963225            yes        12          28.98s
30          11.60   300         -827.74059723    -206.9351493075            yes        12          28.74s
30          11.55   300         -827.74061199    -206.9351529975            yes        12          28.47s
30          11.50   300         -827.74042199    -206.9351054975            yes        11          25.70s
30          11.45   300         -827.74001337    -206.9350033425            yes        11          26.43s
30          11.40   300         -827.73937408    -206.9348435200            yes        11          25.89s
30          11.35   300         -827.73849538    -206.9346238450            yes        11          27.19s
30          11.30   300         -827.73736288    -206.9343407200            yes        10          24.70s
30          11.25   300         -827.73596784    -206.9339919600            yes        10          24.19s
30          11.20   300         -827.7342978     -206.9335744500            yes        10          24.38s
30          11.15   300         -827.73234102    -206.9330852550            yes        11          26.24s
30          11.10   300         -827.73008157    -206.9325203925            yes        11          26.64s
30          11.05   300         -827.72750843    -206.9318771075            yes        10          24.70s
30          11.00   300         -827.72460898    -206.9311522450            yes        9           20.89s
30          10.95   300         -827.72136662    -206.9303416550            yes        11          25.70s
40          12.15   400         -827.73412783    -206.9335319575            yes        12          47.38s
40          12.10   400         -827.73567413    -206.9339185325            yes        12          46.89s
40          12.05   400         -827.73714446    -206.9342861150            yes        12          46.39s
40          12.00   400         -827.73852471    -206.9346311775            yes        12          46.77s
40          11.95   400         -827.73980211    -206.9349505275            yes        12          46.04s
40          11.90   400         -827.74096449    -206.9352411225            yes        12          46.53s
40          11.85   400         -827.74199824    -206.9354995600            yes        12          46.10s
40          11.80   400         -827.74289171    -206.9357229275            yes        12          1m 6.32s
40          11.75   400         -827.74363341    -206.9359083525            yes        12          47.99s
40          11.70   400         -827.74421303    -206.9360532575            yes        12          47.19s
40          11.65   400         -827.74461772    -206.9361544300            yes        12          46.68s
40          11.60   400         -827.74483737    -206.9362093425            yes        12          46.73s
40          11.55   400         -827.74486029    -206.9362150725            yes        12          45.62s
40          11.50   400         -827.74467622    -206.9361690550            yes        12          46.53s
40          11.45   400         -827.74427419    -206.9360685475            yes        11          41.87s
40          11.40   400         -827.74364264    -206.9359106600            yes        11          41.29s
40          11.35   400         -827.7427711     -206.9356927750            yes        10          40.30s
40          11.30   400         -827.74164832    -206.9354120800            yes        10          40.14s
40          11.25   400         -827.74026055    -206.9350651375            yes        10          38.69s
40          11.20   400         -827.73859687    -206.9346492175            yes        10          44.04s
40          11.15   400         -827.73664578    -206.9341614450            yes        11          42.98s
40          11.10   400         -827.73439378    -206.9335984450            yes        11          45.37s
40          11.05   400         -827.73182774    -206.9329569350            yes        10          41.30s
40          11.00   400         -827.72893324    -206.9322333100            yes        9           34.63s
40          10.95   400         -827.7256983     -206.9314245750            yes        9           33.36s
50          12.15   500         -827.73725595    -206.9343139875            yes        12          1m12.82s
50          12.10   500         -827.73880553    -206.9347013825            yes        12          1m12.09s
50          12.05   500         -827.74027547    -206.9350688675            yes        12          1m14.05s
50          12.00   500         -827.74165559    -206.9354138975            yes        12          1m10.02s
50          11.95   500         -827.7429346     -206.9357336500            yes        12          1m10.22s
50          11.90   500         -827.74409829    -206.9360245725            yes        12          1m 9.51s
50          11.85   500         -827.74513037    -206.9362825925            yes        12          1m11.39s
50          11.80   500         -827.74602595    -206.9365064875            yes        12          1m10.30s
50          11.75   500         -827.74676935    -206.9366923375            yes        12          1m 9.20s
50          11.70   500         -827.74734888    -206.9368372200            yes        12          1m 9.48s
50          11.65   500         -827.74775139    -206.9369378475            yes        12          1m 8.42s
50          11.60   500         -827.74797369    -206.9369934225            yes        12          1m 7.83s
50          11.55   500         -827.74799638    -206.9369990950            yes        12          1m 7.34s
50          11.50   500         -827.74781542    -206.9369538550            yes        12          1m 8.70s
50          11.45   500         -827.74741373    -206.9368534325            yes        11          1m 2.19s
50          11.40   500         -827.74678285    -206.9366957125            yes        11          1m 1.68s
50          11.35   500         -827.74590992    -206.9364774800            yes        10          1m 0.78s
50          11.30   500         -827.74478823    -206.9361970575            yes        10          59.38s
50          11.25   500         -827.74340296    -206.9358507400            yes        10          56.34s
50          11.20   500         -827.74174091    -206.9354352275            yes        9           48.99s
50          11.15   500         -827.73979345    -206.9349483625            yes        11          1m 4.42s
50          11.10   500         -827.73754059    -206.9343851475            yes        10          54.82s
50          11.05   500         -827.73497551    -206.9337438775            yes        9           48.10s
50          11.00   500         -827.73208497    -206.9330212425            yes        9           48.38s
50          10.95   500         -827.72885339    -206.9322133475            yes        9           46.71s
60          12.15   600         -827.73969933    -206.9349248325            yes        12          1m42.46s
60          12.10   600         -827.74124642    -206.9353116050            yes        12          1m43.77s
60          12.05   600         -827.74271721    -206.9356793025            yes        12          1m43.81s
60          12.00   600         -827.74409833    -206.9360245825            yes        12          1m43.30s
60          11.95   600         -827.74537616    -206.9363440400            yes        12          1m43.02s
60          11.90   600         -827.74653947    -206.9366348675            yes        12          1m42.63s
60          11.85   600         -827.74757397    -206.9368934925            yes        12          1m42.18s
60          11.80   600         -827.74846838    -206.9371170950            yes        12          1m44.75s
60          11.75   600         -827.74921114    -206.9373027850            yes        12          1m42.73s
60          11.70   600         -827.74979177    -206.9374479425            yes        12          1m42.36s
60          11.65   600         -827.75019748    -206.9375493700            yes        12          1m42.72s
60          11.60   600         -827.75041865    -206.9376046625            yes        12          1m43.52s
60          11.55   600         -827.75044327    -206.9376108175            yes        12          1m38.75s
60          11.50   600         -827.75026122    -206.9375653050            yes        12          1m38.13s
60          11.45   600         -827.74986176    -206.9374654400            yes        11          1m31.46s
60          11.40   600         -827.74923229    -206.9373080725            yes        11          1m30.67s
60          11.35   600         -827.74836308    -206.9370907700            yes        10          1m29.81s
60          11.30   600         -827.74724243    -206.9368106075            yes        10          1m26.05s
60          11.25   600         -827.74585747    -206.9364643675            yes        10          1m28.26s
60          11.20   600         -827.74419734    -206.9360493350            yes        11          1m48.42s
60          11.15   600         -827.74224896    -206.9355622400            yes        11          1m42.74s
60          11.10   600         -827.73999969    -206.9349999225            yes        11          1m35.27s
60          11.05   600         -827.73743653    -206.9343591325            yes        10          1m30.76s
60          11.00   600         -827.73454585    -206.9336364625            yes        9           1m16.90s
60          10.95   600         -827.73131386    -206.9328284650            yes        9           1m13.45s
# ecutwfc_Ry  alat_A  ecutrho_Ry  total_energy_Ry  converged  iterations  wall_time
30          12.14   300         -827.73028085    -206.9325702125            yes        12          29.96s
30          12.13   300         -827.73059202    -206.9326480050            yes        12          30.51s
30          12.12   300         -827.73090161    -206.9327254025            yes        12          29.80s
30          12.11   300         -827.73120616    -206.9328015400            yes        12          28.83s
30          12.09   300         -827.73180886    -206.9329522150            yes        12          29.44s
30          12.08   300         -827.73210538    -206.9330263450            yes        12          28.87s
30          12.07   300         -827.73239861    -206.9330996525            yes        12          28.68s
30          12.06   300         -827.73268797    -206.9331719925            yes        12          28.99s
30          12.04   300         -827.73325533    -206.9333138325            yes        12          30.03s
30          12.03   300         -827.73353492    -206.9333837300            yes        12          29.03s
30          12.02   300         -827.73381065    -206.9334526625            yes        12          28.91s
30          12.01   300         -827.73408022    -206.9335200550            yes        12          29.87s
30          11.99   300         -827.73461064    -206.9336526600            yes        12          29.76s
30          11.98   300         -827.73486887    -206.9337172175            yes        12          29.51s
30          11.97   300         -827.73512283    -206.9337807075            yes        12          29.30s
30          11.96   300         -827.73537132    -206.9338428300            yes        12          29.45s
30          11.94   300         -827.73585711    -206.9339642775            yes        12          29.34s
30          11.93   300         -827.73609284    -206.9340232100            yes        12          29.53s
30          11.92   300         -827.73632407    -206.9340810175            yes        12          28.80s
30          11.91   300         -827.73655011    -206.9341375275            yes        12          28.68s
30          11.89   300         -827.7369855     -206.9342463750            yes        12          28.68s
30          11.88   300         -827.7371972     -206.9342993000            yes        12          30.35s
30          11.87   300         -827.73740272    -206.9343506800            yes        12          28.43s
30          11.86   300         -827.73760211    -206.9344005275            yes        12          29.40s
30          11.84   300         -827.7379863     -206.9344965750            yes        12          29.03s
30          11.83   300         -827.73817026    -206.9345425650            yes        12          28.96s
30          11.82   300         -827.73834743    -206.9345868575            yes        12          28.80s
30          11.81   300         -827.73851924    -206.9346298100            yes        12          28.62s
30          11.79   300         -827.73884444    -206.9347111100            yes        12          29.57s
30          11.78   300         -827.73899785    -206.9347494625            yes        12          27.89s
30          11.77   300         -827.73914503    -206.9347862575            yes        12          29.54s
30          11.76   300         -827.73928476    -206.9348211900            yes        12          29.42s
30          11.74   300         -827.73954604    -206.9348865100            yes        12          28.55s
30          11.73   300         -827.7396675     -206.9349168750            yes        12          29.43s
30          11.72   300         -827.73978096    -206.9349452400            yes        12          29.47s
30          11.71   300         -827.73988866    -206.9349721650            yes        12          30.23s
30          11.69   300         -827.7400819     -206.9350204750            yes        12          28.89s
30          11.68   300         -827.74016816    -206.9350420400            yes        12          30.20s
30          11.67   300         -827.74024871    -206.9350621775            yes        12          29.27s
30          11.66   300         -827.74032036    -206.9350800900            yes        12          27.91s
30          11.64   300         -827.74044274    -206.9351106850            yes        12          28.75s
30          11.63   300         -827.74049163    -206.9351229075            yes        12          29.50s
30          11.62   300         -827.74053443    -206.9351336075            yes        12          29.45s
30          11.61   300         -827.74056958    -206.9351423950            yes        12          29.11s
30          11.59   300         -827.74061555    -206.9351538875            yes        12          28.66s
30          11.58   300         -827.74062677    -206.9351566925            yes        12          28.36s
30          11.57   300         -827.74062976    -206.9351574400            yes        12          29.34s
30          11.56   300         -827.74062447    -206.9351561175            yes        12          28.80s
30          11.54   300         -827.7405904     -206.9351476000            yes        12          28.69s
30          11.53   300         -827.74056073    -206.9351401825            yes        12          28.62s
30          11.52   300         -827.74052221    -206.9351305525            yes        12          28.92s
30          11.51   300         -827.74047657    -206.9351191425            yes        12          29.04s
30          11.49   300         -827.74035691    -206.9350892275            yes        11          26.05s
30          11.48   300         -827.74028404    -206.9350710100            yes        11          25.75s
30          11.47   300         -827.7402036     -206.9350509000            yes        11          26.73s
30          11.46   300         -827.74011341    -206.9350283525            yes        11          26.76s
30          11.44   300         -827.7399039     -206.9349759750            yes        11          27.27s
30          11.43   300         -827.73978568    -206.9349464200            yes        11          25.99s
30          11.42   300         -827.73965831    -206.9349145775            yes        11          26.13s
30          11.41   300         -827.73952092    -206.9348802300            yes        11          26.54s
30          11.39   300         -827.73921804    -206.9348045100            yes        11          26.26s
30          11.38   300         -827.73905238    -206.9347630950            yes        11          26.55s
30          11.37   300         -827.73887602    -206.9347190050            yes        11          27.35s
30          11.36   300         -827.73869148    -206.9346728700            yes        11          25.44s
30          11.34   300         -827.73828982    -206.9345724550            yes        10          24.80s
30          11.33   300         -827.73807376    -206.9345184400            yes        10          25.51s
30          11.32   300         -827.73784745    -206.9344618625            yes        10          24.71s
30          11.31   300         -827.73760994    -206.9344024850            yes        10          24.45s
30          11.29   300         -827.73710534    -206.9342763350            yes        10          24.63s
30          11.28   300         -827.7368372     -206.9342093000            yes        10          24.43s
30          11.27   300         -827.73655826    -206.9341395650            yes        10          24.80s
30          11.26   300         -827.73626718    -206.9340667950            yes        10          24.24s
30          11.24   300         -827.73565655    -206.9339141375            yes        10          23.42s
30          11.23   300         -827.73533391    -206.9338334775            yes        10          24.45s
30          11.22   300         -827.73499881    -206.9337497025            yes        10          23.42s
30          11.21   300         -827.73465388    -206.9336634700            yes        10          25.08s
30          11.19   300         -827.73392959    -206.9334823975            yes        9           20.64s
30          11.18   300         -827.73355114    -206.9333877850            yes        10          24.27s
30          11.17   300         -827.7331594     -206.9332898500            yes        10          23.67s
30          11.16   300         -827.73275583    -206.9331889575            yes        10          23.54s
30          11.14   300         -827.73191466    -206.9329786650            yes        11          25.81s
30          11.13   300         -827.73147584    -206.9328689600            yes        11          25.31s
30          11.12   300         -827.73102481    -206.9327562025            yes        12          28.23s
30          11.11   300         -827.7305596     -206.9326399000            yes        11          25.82s
30          11.09   300         -827.72959304    -206.9323982600            yes        11          25.81s
30          11.08   300         -827.72909033    -206.9322725825            yes        11          25.77s
30          11.07   300         -827.72857646    -206.9321441150            yes        10          24.33s
30          11.06   300         -827.72804864    -206.9320121600            yes        9           21.38s
30          11.04   300         -827.72695387    -206.9317384675            yes        9           21.22s
30          11.03   300         -827.7263871     -206.9315967750            yes        9           21.77s
30          11.02   300         -827.72580874    -206.9314521850            yes        9           21.24s
30          11.01   300         -827.72521513    -206.9313037825            yes        9           21.45s
30          10.99   300         -827.72398802    -206.9309970050            yes        9           21.23s
30          10.98   300         -827.72335503    -206.9308387575            yes        11          26.83s
30          10.97   300         -827.72270616    -206.9306765400            yes        11          26.25s
30          10.96   300         -827.72204376    -206.9305109400            yes        11          25.68s
40          12.14   400         -827.7344423     -206.9336105750            yes        12          47.50s
40          12.13   400         -827.73475442    -206.9336886050            yes        12          47.18s
40          12.12   400         -827.73506377    -206.9337659425            yes        12          46.83s
40          12.11   400         -827.73537059    -206.9338426475            yes        12          46.85s
40          12.09   400         -827.73597449    -206.9339936225            yes        12          47.53s
40          12.08   400         -827.73627216    -206.9340680400            yes        12          46.28s
40          12.07   400         -827.73656636    -206.9341415900            yes        12          46.01s
40          12.06   400         -827.73685734    -206.9342143350            yes        12          48.09s
40          12.04   400         -827.73742806    -206.9343570150            yes        12          48.24s
40          12.03   400         -827.73770846    -206.9344271150            yes        12          47.48s
40          12.02   400         -827.73798444    -206.9344961100            yes        12          46.85s
40          12.01   400         -827.73825637    -206.9345640925            yes        12          46.64s
40          11.99   400         -827.73878868    -206.9346971700            yes        12          45.91s
40          11.98   400         -827.73904825    -206.9347620625            yes        12          47.67s
40          11.97   400         -827.73930418    -206.9348260450            yes        12          46.29s
40          11.96   400         -827.73955537    -206.9348888425            yes        12          46.06s
40          11.94   400         -827.74004435    -206.9350110875            yes        12          45.85s
40          11.93   400         -827.74028155    -206.9350703875            yes        12          45.67s
40          11.92   400         -827.74051406    -206.9351285150            yes        12          45.95s
40          11.91   400         -827.74074162    -206.9351854050            yes        12          46.71s
40          11.89   400         -827.74118208    -206.9352955200            yes        12          45.88s
40          11.88   400         -827.74139427    -206.9353485675            yes        12          46.14s
40          11.87   400         -827.74160089    -206.9354002225            yes        12          45.90s
40          11.86   400         -827.74180204    -206.9354505100            yes        12          46.14s
40          11.84   400         -827.74218853    -206.9355471325            yes        12          46.75s
40          11.83   400         -827.74237341    -206.9355933525            yes        12          45.72s
40          11.82   400         -827.74255186    -206.9356379650            yes        12          45.90s
40          11.81   400         -827.74272496    -206.9356812400            yes        12          47.26s
40          11.79   400         -827.74305256    -206.9357631400            yes        12          47.58s
40          11.78   400         -827.74320708    -206.9358017700            yes        12          46.44s
40          11.77   400         -827.74335576    -206.9358389400            yes        12          46.80s
40          11.76   400         -827.74349774    -206.9358744350            yes        12          46.25s
40          11.74   400         -827.74376287    -206.9359407175            yes        12          46.26s
40          11.73   400         -827.74388585    -206.9359714625            yes        12          46.98s
40          11.72   400         -827.74400153    -206.9360003825            yes        12          46.64s
40          11.71   400         -827.74411074    -206.9360276850            yes        12          46.71s
40          11.69   400         -827.74430781    -206.9360769525            yes        12          46.47s
40          11.68   400         -827.74439641    -206.9360991025            yes        12          48.09s
40          11.67   400         -827.74447734    -206.9361193350            yes        12          47.94s
40          11.66   400         -827.74455106    -206.9361377650            yes        12          47.56s
40          11.64   400         -827.74467709    -206.9361692725            yes        12          45.83s
40          11.63   400         -827.74472848    -206.9361821200            yes        12          46.88s
40          11.62   400         -827.74477265    -206.9361931625            yes        12          47.06s
40          11.61   400         -827.74480908    -206.9362022700            yes        12          46.57s
40          11.59   400         -827.74485785    -206.9362144625            yes        12          47.75s
40          11.58   400         -827.74487063    -206.9362176575            yes        12          46.72s
40          11.57   400         -827.74487501    -206.9362187525            yes        12          45.83s
40          11.56   400         -827.74487167    -206.9362179175            yes        12          46.39s
40          11.54   400         -827.74484027    -206.9362100675            yes        12          46.07s
40          11.53   400         -827.74481231    -206.9362030775            yes        12          45.57s
40          11.52   400         -827.7447755     -206.9361938750            yes        12          46.62s
40          11.51   400         -827.74473011    -206.9361825275            yes        12          45.26s
40          11.49   400         -827.74461342    -206.9361533550            yes        12          44.88s
40          11.48   400         -827.74454236    -206.9361355900            yes        12          46.38s
40          11.47   400         -827.74446199    -206.9361154975            yes        11          42.16s
40          11.46   400         -827.7443727     -206.9360931750            yes        11          41.66s
40          11.44   400         -827.7441669     -206.9360417250            yes        11          42.50s
40          11.43   400         -827.74404962    -206.9360124050            yes        11          41.53s
40          11.42   400         -827.74392331    -206.9359808275            yes        11          42.15s
40          11.41   400         -827.74378779    -206.9359469475            yes        11          42.89s
40          11.39   400         -827.74348833    -206.9358720825            yes        11          42.24s
40          11.38   400         -827.743324      -206.9358310000            yes        11          42.55s
40          11.37   400         -827.74314996    -206.9357874900            yes        11          42.65s
40          11.36   400         -827.74296563    -206.9357414075            yes        11          43.83s
40          11.34   400         -827.74256691    -206.9356417275            yes        10          42.07s
40          11.33   400         -827.74235245    -206.9355881125            yes        10          41.86s
40          11.32   400         -827.74212833    -206.9355320825            yes        10          40.20s
40          11.31   400         -827.74189349    -206.9354733725            yes        10          40.16s
40          11.29   400         -827.74139232    -206.9353480800            yes        10          40.01s
40          11.28   400         -827.74112552    -206.9352813800            yes        10          39.66s
40          11.27   400         -827.74084811    -206.9352120275            yes        10          39.73s
40          11.26   400         -827.74055964    -206.9351399100            yes        10          39.75s
40          11.24   400         -827.73995036    -206.9349875900            yes        10          39.60s
40          11.23   400         -827.73962901    -206.9349072525            yes        10          41.45s
40          11.22   400         -827.73929616    -206.9348240400            yes        10          39.98s
40          11.21   400         -827.73895211    -206.9347380275            yes        10          41.83s
40          11.19   400         -827.73823007    -206.9345575175            yes        9           33.73s
40          11.18   400         -827.73785203    -206.9344630075            yes        11          43.07s
40          11.17   400         -827.73746199    -206.9343654975            yes        11          42.35s
40          11.16   400         -827.73705973    -206.9342649325            yes        11          42.14s
40          11.14   400         -827.73621956    -206.9340548900            yes        11          43.44s
40          11.13   400         -827.73578069    -206.9339451725            yes        11          45.18s
40          11.12   400         -827.73533073    -206.9338326825            yes        11          46.87s
40          11.11   400         -827.73486847    -206.9337171175            yes        11          46.64s
40          11.09   400         -827.73390618    -206.9334765450            yes        11          42.69s
40          11.08   400         -827.73340552    -206.9333513800            yes        10          41.46s
40          11.07   400         -827.73289269    -206.9332231725            yes        10          41.09s
40          11.06   400         -827.73236649    -206.9330916225            yes        10          40.60s
40          11.04   400         -827.73127504    -206.9328187600            yes        10          42.07s
40          11.03   400         -827.73070983    -206.9326774575            yes        9           34.74s
40          11.02   400         -827.73013105    -206.9325327625            yes        9           35.87s
40          11.01   400         -827.7295388     -206.9323847000            yes        9           34.27s
40          10.99   400         -827.72831374    -206.9320784350            yes        9           34.52s
40          10.98   400         -827.7276809     -206.9319202250            yes        9           35.85s
40          10.97   400         -827.72703411    -206.9317585275            yes        9           33.81s
40          10.96   400         -827.72637304    -206.9315932600            yes        9           34.89s
50          12.14   500         -827.73757124    -206.9343928100            yes        12          1m13.73s
50          12.13   500         -827.73788349    -206.9344708725            yes        12          1m12.99s
50          12.12   500         -827.73819352    -206.9345483800            yes        12          1m13.98s
50          12.11   500         -827.73850232    -206.9346255800            yes        12          1m14.33s
50          12.09   500         -827.73910455    -206.9347761375            yes        12          1m13.80s
50          12.08   500         -827.73940348    -206.9348508700            yes        12          1m12.84s
50          12.07   500         -827.7396976     -206.9349244000            yes        12          1m12.66s
50          12.06   500         -827.7399881     -206.9349970250            yes        12          1m12.15s
50          12.04   500         -827.74055911    -206.9351397775            yes        12          1m 9.25s
50          12.03   500         -827.74084048    -206.9352101200            yes        12          1m10.38s
50          12.02   500         -827.74111628    -206.9352790700            yes        12          1m10.59s
50          12.01   500         -827.74138773    -206.9353469325            yes        12          1m10.22s
50          11.99   500         -827.74191906    -206.9354797650            yes        12          1m 9.55s
50          11.98   500         -827.74217916    -206.9355447900            yes        12          1m10.26s
50          11.97   500         -827.74243554    -206.9356088850            yes        12          1m10.10s
50          11.96   500         -827.7426878     -206.9356719500            yes        12          1m10.52s
50          11.94   500         -827.74317616    -206.9357940400            yes        12          1m10.91s
50          11.93   500         -827.74341353    -206.9358533825            yes        12          1m10.50s
50          11.92   500         -827.74364701    -206.9359117525            yes        12          1m10.91s
50          11.91   500         -827.74387552    -206.9359688800            yes        12          1m11.16s
50          11.89   500         -827.74431464    -206.9360786600            yes        12          1m10.18s
50          11.88   500         -827.74452728    -206.9361318200            yes        12          1m10.40s
50          11.87   500         -827.74473425    -206.9361835625            yes        12          1m 8.83s
50          11.86   500         -827.74493561    -206.9362339025            yes        12          1m10.80s
50          11.84   500         -827.74532247    -206.9363306175            yes        12          1m 8.80s
50          11.83   500         -827.74550659    -206.9363766475            yes        12          1m10.74s
50          11.82   500         -827.74568411    -206.9364210275            yes        12          1m 8.77s
50          11.81   500         -827.74585828    -206.9364645700            yes        12          1m10.41s
50          11.79   500         -827.74618871    -206.9365471775            yes        12          1m 9.59s
50          11.78   500         -827.74634334    -206.9365858350            yes        12          1m11.12s
50          11.77   500         -827.74649168    -206.9366229200            yes        12          1m11.35s
50          11.76   500         -827.74663402    -206.9366585050            yes        12          1m11.24s
50          11.74   500         -827.74689816    -206.9367245400            yes        12          1m 8.71s
50          11.73   500         -827.74702038    -206.9367550950            yes        12          1m 8.52s
50          11.72   500         -827.74713725    -206.9367843125            yes        12          1m 8.04s
50          11.71   500         -827.74724574    -206.9368114350            yes        12          1m 8.27s
50          11.69   500         -827.74744435    -206.9368610875            yes        12          1m 8.57s
50          11.68   500         -827.74753155    -206.9368828875            yes        12          1m 8.60s
50          11.67   500         -827.74761316    -206.9369032900            yes        12          1m 8.86s
50          11.66   500         -827.74768665    -206.9369216625            yes        12          1m 7.67s
50          11.64   500         -827.74781295    -206.9369532375            yes        12          1m 9.03s
50          11.63   500         -827.74786468    -206.9369661700            yes        12          1m 7.63s
50          11.62   500         -827.74790809    -206.9369770225            yes        12          1m 9.10s
50          11.61   500         -827.74794506    -206.9369862650            yes        12          1m 8.38s
50          11.59   500         -827.74799532    -206.9369988300            yes        12          1m 8.44s
50          11.58   500         -827.74800829    -206.9370020725            yes        12          1m 7.37s
50          11.57   500         -827.74801143    -206.9370028575            yes        12          1m 8.31s
50          11.56   500         -827.7480079     -206.9370019750            yes        12          1m 6.99s
50          11.54   500         -827.74797517    -206.9369937925            yes        12          1m 7.57s
50          11.53   500         -827.74794927    -206.9369873175            yes        12          1m 8.07s
50          11.52   500         -827.74791285    -206.9369782125            yes        12          1m 6.45s
50          11.51   500         -827.74786815    -206.9369670375            yes        12          1m 6.80s
50          11.49   500         -827.74775223    -206.9369380575            yes        12          1m 5.94s
50          11.48   500         -827.74768009    -206.9369200225            yes        11          1m 2.20s
50          11.47   500         -827.7476003     -206.9369000750            yes        11          1m 2.36s
50          11.46   500         -827.74751159    -206.9368778975            yes        11          1m 2.31s
50          11.44   500         -827.74730577    -206.9368264425            yes        11          1m 1.65s
50          11.43   500         -827.74718917    -206.9367972925            yes        11          1m 1.69s
50          11.42   500         -827.74706473    -206.9367661825            yes        11          1m 3.38s
50          11.41   500         -827.74692857    -206.9367321425            yes        11          1m 2.88s
50          11.39   500         -827.74662917    -206.9366572925            yes        11          1m 3.13s
50          11.38   500         -827.74646304    -206.9366157600            yes        11          1m 3.77s
50          11.37   500         -827.74628717    -206.9365717925            yes        10          1m 0.23s
50          11.36   500         -827.74610372    -206.9365259300            yes        10          1m 1.67s
50          11.34   500         -827.74570592    -206.9364264800            yes        10          1m 0.11s
50          11.33   500         -827.74549259    -206.9363731475            yes        10          1m 1.56s
50          11.32   500         -827.74526744    -206.9363168600            yes        10          58.41s
50          11.31   500         -827.74503258    -206.9362581450            yes        10          59.44s
50          11.29   500         -827.74453253    -206.9361331325            yes        10          57.91s
50          11.28   500         -827.74426677    -206.9360666925            yes        10          55.42s
50          11.27   500         -827.74398898    -206.9359972450            yes        10          55.40s
50          11.26   500         -827.74370145    -206.9359253625            yes        10          55.15s
50          11.24   500         -827.74309299    -206.9357732475            yes        10          1m 0.31s
50          11.23   500         -827.74277265    -206.9356931625            yes        10          58.36s
50          11.22   500         -827.74243996    -206.9356099900            yes        10          1m 0.67s
50          11.21   500         -827.74209499    -206.9355237475            yes        9           46.67s
50          11.19   500         -827.74137555    -206.9353438875            yes        10          55.98s
50          11.18   500         -827.74099819    -206.9352495475            yes        11          58.95s
50          11.17   500         -827.74060818    -206.9351520450            yes        11          1m 0.17s
50          11.16   500         -827.74020619    -206.9350515475            yes        11          1m 1.78s
50          11.14   500         -827.73936732    -206.9348418300            yes        11          1m 1.63s
50          11.13   500         -827.73893024    -206.9347325600            yes        11          1m 5.53s
50          11.12   500         -827.73848189    -206.9346204725            yes        11          1m 8.46s
50          11.11   500         -827.73801807    -206.9345045175            yes        10          1m 3.34s
50          11.09   500         -827.73705288    -206.9342632200            yes        10          1m 2.02s
50          11.08   500         -827.73655321    -206.9341383025            yes        10          1m 4.31s
50          11.07   500         -827.73603944    -206.9340098600            yes        10          1m 4.00s
50          11.06   500         -827.73551369    -206.9338784225            yes        10          1m 4.83s
50          11.04   500         -827.73442363    -206.9336059075            yes        9           53.76s
50          11.03   500         -827.73385931    -206.9334648275            yes        9           54.44s
50          11.02   500         -827.73328123    -206.9333203075            yes        9           55.01s
50          11.01   500         -827.73268899    -206.9331722475            yes        9           52.52s
50          10.99   500         -827.73146787    -206.9328669675            yes        9           53.78s
50          10.98   500         -827.73083489    -206.9327087225            yes        9           50.30s
50          10.97   500         -827.73018666    -206.9325466650            yes        9           49.40s
50          10.96   500         -827.72952606    -206.9323815150            yes        9           48.39s
60          12.14   600         -827.74001411    -206.9350035275            yes        12          1m41.54s
60          12.13   600         -827.7403264     -206.9350816000            yes        12          1m41.85s
60          12.12   600         -827.74063601    -206.9351590025            yes        12          1m43.51s
60          12.11   600         -827.74094282    -206.9352357050            yes        12          1m51.55s
60          12.09   600         -827.74154687    -206.9353867175            yes        12          1m53.46s
60          12.08   600         -827.74184446    -206.9354611150            yes        12          1m51.19s
60          12.07   600         -827.74213891    -206.9355347275            yes        12          1m51.17s
60          12.06   600         -827.74243012    -206.9356075300            yes        12          1m48.40s
60          12.04   600         -827.74300079    -206.9357501975            yes        12          1m48.92s
60          12.03   600         -827.74328117    -206.9358202925            yes        12          1m53.52s
60          12.02   600         -827.74355763    -206.9358894075            yes        12          1m51.80s
60          12.01   600         -827.74382983    -206.9359574575            yes        12          1m52.02s
60          11.99   600         -827.74436258    -206.9360906450            yes        12          1m51.74s
60          11.98   600         -827.74462222    -206.9361555550            yes        12          1m49.36s
60          11.97   600         -827.74487807    -206.9362195175            yes        12          1m50.14s
60          11.96   600         -827.7451292     -206.9362823000            yes        12          1m52.57s
60          11.94   600         -827.74561838    -206.9364045950            yes        12          1m51.12s
60          11.93   600         -827.74585585    -206.9364639625            yes        12          1m53.18s
60          11.92   600         -827.7460888     -206.9365222000            yes        12          1m50.89s
60          11.91   600         -827.74631661    -206.9365791525            yes        12          1m50.50s
60          11.89   600         -827.74675706    -206.9366892650            yes        12          1m49.32s
60          11.88   600         -827.74696951    -206.9367423775            yes        12          1m53.75s
60          11.87   600         -827.74717622    -206.9367940550            yes        12          1m53.52s
60          11.86   600         -827.74737779    -206.9368444475            yes        12          1m52.43s
60          11.84   600         -827.74776442    -206.9369411050            yes        12          1m52.70s
60          11.83   600         -827.74794939    -206.9369873475            yes        12          1m52.81s
60          11.82   600         -827.74812804    -206.9370320100            yes        12          1m51.22s
60          11.81   600         -827.74830125    -206.9370753125            yes        12          1m48.90s
60          11.79   600         -827.74862954    -206.9371573850            yes        12          1m54.71s
60          11.78   600         -827.7487844     -206.9371961000            yes        12          1m54.09s
60          11.77   600         -827.74893315    -206.9372332875            yes        12          1m52.56s
60          11.76   600         -827.74907545    -206.9372688625            yes        12          1m52.25s
60          11.74   600         -827.74934065    -206.9373351625            yes        12          1m49.78s
60          11.73   600         -827.74946343    -206.9373658575            yes        12          1m57.28s
60          11.72   600         -827.74957956    -206.9373948900            yes        12          1m53.99s
60          11.71   600         -827.7496891     -206.9374222750            yes        12          1m54.25s
60          11.69   600         -827.74988688    -206.9374717200            yes        12          1m55.14s
60          11.68   600         -827.74997521    -206.9374938025            yes        12          1m56.25s
60          11.67   600         -827.75005642    -206.9375141050            yes        12          1m54.22s
60          11.66   600         -827.75013057    -206.9375326425            yes        12          1m51.57s
60          11.64   600         -827.7502569     -206.9375642250            yes        12          1m50.80s
60          11.63   600         -827.75030861    -206.9375771525            yes        12          1m56.59s
60          11.62   600         -827.75035292    -206.9375882300            yes        12          1m52.83s
60          11.61   600         -827.75038968    -206.9375974200            yes        12          1m56.49s
60          11.59   600         -827.75043961    -206.9376099025            yes        12          1m53.13s
60          11.58   600         -827.75045269    -206.9376131725            yes        12          1m51.84s
60          11.57   600         -827.75045737    -206.9376143425            yes        12          1m49.75s
60          11.56   600         -827.75045442    -206.9376136050            yes        12          1m50.63s
60          11.54   600         -827.75042334    -206.9376058350            yes        12          1m48.64s
60          11.53   600         -827.75039553    -206.9375988825            yes        12          1m44.35s
60          11.52   600         -827.7503592     -206.9375898000            yes        12          1m37.80s
60          11.51   600         -827.75031446    -206.9375786150            yes        12          1m38.88s
60          11.49   600         -827.7501987     -206.9375496750            yes        11          1m30.08s
60          11.48   600         -827.75012787    -206.9375319675            yes        11          1m30.19s
60          11.47   600         -827.75004838    -206.9375120950            yes        11          1m30.25s
60          11.46   600         -827.74995963    -206.9374899075            yes        11          1m31.05s
60          11.44   600         -827.74975449    -206.9374386225            yes        11          1m31.26s
60          11.43   600         -827.74963791    -206.9374094775            yes        11          1m31.31s
60          11.42   600         -827.74951192    -206.9373779800            yes        11          1m30.51s
60          11.41   600         -827.74937678    -206.9373441950            yes        11          1m32.39s
60          11.39   600         -827.74907826    -206.9372695650            yes        11          1m33.14s
60          11.38   600         -827.7489142     -206.9372285500            yes        11          1m32.31s
60          11.37   600         -827.74874032    -206.9371850800            yes        10          1m27.94s
60          11.36   600         -827.74855683    -206.9371392075            yes        10          1m28.32s
60          11.34   600         -827.74815946    -206.9370398650            yes        10          1m27.78s
60          11.33   600         -827.74794554    -206.9369863850            yes        10          1m26.73s
60          11.32   600         -827.74772163    -206.9369304075            yes        10          1m26.11s
60          11.31   600         -827.74748715    -206.9368717875            yes        10          1m26.86s
60          11.29   600         -827.74698701    -206.9367467525            yes        10          1m25.87s
60          11.28   600         -827.74672074    -206.9366801850            yes        10          1m25.06s
60          11.27   600         -827.746444      -206.9366110000            yes        10          1m23.47s
60          11.26   600         -827.74615586    -206.9365389650            yes        10          1m24.91s
60          11.24   600         -827.74554805    -206.9363870125            yes        10          1m26.29s
60          11.23   600         -827.74522754    -206.9363068850            yes        10          1m30.15s
60          11.22   600         -827.74489534    -206.9362238350            yes        10          1m31.88s
60          11.21   600         -827.74455187    -206.9361379675            yes        9           1m11.87s
60          11.19   600         -827.74383122    -206.9359578050            yes        10          1m24.14s
60          11.18   600         -827.74345346    -206.9358633650            yes        11          1m32.72s
60          11.17   600         -827.743064      -206.9357660000            yes        11          1m31.45s
60          11.16   600         -827.74266228    -206.9356655700            yes        11          1m38.15s
60          11.14   600         -827.74182363    -206.9354559075            yes        11          1m42.04s
60          11.13   600         -827.74138602    -206.9353465050            yes        11          1m41.65s
60          11.12   600         -827.74093633    -206.9352340825            yes        11          1m36.65s
60          11.11   600         -827.74047425    -206.9351185625            yes        11          1m34.42s
60          11.09   600         -827.73951268    -206.9348781700            yes        10          1m27.71s
60          11.08   600         -827.73901293    -206.9347532325            yes        10          1m28.57s
60          11.07   600         -827.73850044    -206.9346251100            yes        10          1m27.92s
60          11.06   600         -827.7379747     -206.9344936750            yes        10          1m29.67s
60          11.04   600         -827.73688487    -206.9342212175            yes        9           1m13.91s
60          11.03   600         -827.73632       -206.9340800000            yes        9           1m13.15s
60          11.02   600         -827.73574208    -206.9339355200            yes        9           1m15.13s
60          11.01   600         -827.73515068    -206.9337876700            yes        9           1m13.77s
60          10.99   600         -827.73392722    -206.9334818050            yes        9           1m11.77s
60          10.98   600         -827.73329473    -206.9333236825            yes        9           1m12.87s
60          10.97   600         -827.73264842    -206.9331621050            yes        9           1m12.47s
60          10.96   600         -827.73198811    -206.9329970275            yes        9           1m11.89s
