    0.000000000    0.646841545    0.646168063
    0.012598174    0.646840276    0.646166716
    0.025196348    0.646836467    0.646162675
    0.037794522    0.646830119    0.646155938
    0.050392697    0.646821231    0.646146504
    0.062990871    0.646809799    0.646134369
    0.075589045    0.646795823    0.646119531
    0.088187219    0.646779298    0.646101984
    0.100785393    0.646760221    0.646081725
    0.113383567    0.646738587    0.646058748
    0.125981742    0.646714390    0.646033045
    0.138579916    0.646687623    0.646004611
    0.151178090    0.646658278    0.645973437
    0.163776264    0.646626346    0.645939517
    0.176374438    0.646591817    0.645902840
    0.188972612    0.646554679    0.645863399
    0.201570787    0.646514921    0.645821182
    0.214168961    0.646472530    0.645776181
    0.226767135    0.646427494    0.645728385
    0.239365309    0.646379799    0.645677782
    0.251963483    0.646329432    0.645624361
    0.264561657    0.646276379    0.645568110
    0.277159832    0.646220629    0.645509017
    0.289758006    0.646162168    0.645447068
    0.302356180    0.646100985    0.645382249
    0.314954354    0.646037069    0.645314547
    0.327552528    0.645970408    0.645243946
    0.340150702    0.645900992    0.645170431
    0.352748877    0.645828812    0.645093985
    0.365347051    0.645753857    0.645014592
    0.377945225    0.645676118    0.644932232
    0.390543399    0.645595584    0.644846887
    0.403141573    0.645512243    0.644758538
    0.415739747    0.645426084    0.644667163
    0.428337922    0.645337091    0.644572740
    0.440936096    0.645245250    0.644475247
    0.453534270    0.645150541    0.644374659
    0.466132444    0.645052945    0.644270953
    0.478730618    0.644952437    0.644164101
    0.491328792    0.644848992    0.644054077
    0.503926967    0.644742581    0.643940852
    0.516525141    0.644633173    0.643824400
    0.529123315    0.644520734    0.643704688
    0.541721489    0.644405229    0.643581688
    0.554319663    0.644286619    0.643455367
    0.566917837    0.644164865    0.643325694
    0.579516012    0.644039929    0.643192637
    0.592114186    0.643911769    0.643056161
    0.604712360    0.643780347    0.642916233
    0.617310534    0.643645621    0.642772819
    0.629908708    0.643507556    0.642625883
    0.642506882    0.643366113    0.642475389
    0.655105056    0.643221258    0.642321302
    0.667703231    0.643072959    0.642163584
    0.680301405    0.642921183    0.642002198
    0.692899579    0.642765902    0.641837104
    0.705497753    0.642607088    0.641668264
    0.718095927    0.642444715    0.641495638
    0.730694101    0.642278757    0.641319184
    0.743292276    0.642109187    0.641138859
    0.755890450    0.641935981    0.640954620
    0.768488624    0.641759110    0.640766422
    0.781086798    0.641578546    0.640574219
    0.793684972    0.641394255    0.640377962
    0.806283146    0.641206203    0.640177603
    0.818881321    0.641014349    0.639973089
    0.831479495    0.640818651    0.639764370
    0.844077669    0.640619059    0.639551391
    0.856675843    0.640415520    0.639334095
    0.869274017    0.640207976    0.639112426
    0.881872191    0.639996364    0.638886325
    0.894470366    0.639780617    0.638655733
    0.907068540    0.639560664    0.638420586
    0.919666714    0.639336431    0.638180823
    0.932264888    0.639107842    0.637936379
    0.944863062    0.638874820    0.637687190
    0.957461236    0.638637285    0.637433189
    0.970059411    0.638395161    0.637174309
    0.982657585    0.638148370    0.636910481
    0.995255759    0.637896838    0.636641637
    1.007853933    0.637640494    0.636367707
    1.020452107    0.637379267    0.636088620
    1.033050281    0.637113092    0.635804303
    1.045648456    0.636841907    0.635514685
    1.058246630    0.636565654    0.635219690
    1.070844804    0.636284274    0.634919244
    1.083442978    0.635997716    0.634613269
    1.096041152    0.635705925    0.634301688
    1.108639326    0.635408850    0.633984420
    1.121237501    0.635106439    0.633661384
    1.133835675    0.634798636    0.633332495
    1.146433849    0.634485384    0.632997669
    1.159032023    0.634166623    0.632656815
    1.171630197    0.633842284    0.632309845
    1.184228371    0.633512296    0.631956664
    1.196826546    0.633176579    0.631597177
    1.209424720    0.632835046    0.631231286
    1.222022894    0.632487602    0.630858889
    1.234621068    0.632134144    0.630479884
    1.247219242    0.631774564    0.630094165
    1.259817416    0.631408743    0.629701622
    1.272415591    0.631036560    0.629302147
    1.285013765    0.630657886    0.628895624
    1.297611939    0.630272588    0.628481941
    1.310210113    0.629880533    0.628060979
    1.322808287    0.629481584    0.627632620
    1.335406461    0.629075605    0.627196744
    1.348004635    0.628662462    0.626753228
    1.360602810    0.628242022    0.626301949
    1.373200984    0.627814158    0.625842782
    1.385799158    0.627378745    0.625375599
    1.398397332    0.626935664    0.624900272
    1.410995506    0.626484801    0.624416671
    1.423593680    0.626026047    0.623924664
    1.436191855    0.625559296    0.623424116
    1.448790029    0.625084449    0.622914891
    1.461388203    0.624601404    0.622396850
    1.473986377    0.624110065    0.621869852
    1.486584551    0.623610331    0.621333753
    1.499182725    0.623102103    0.620788403
    1.511780900    0.622585275    0.620233653
    1.524379074    0.622059735    0.619669347
    1.536977248    0.621525364    0.619095327
    1.549575422    0.620982034    0.618511430
    1.562173596    0.620429608    0.617917488
    1.574771770    0.619867934    0.617313331
    1.587369945    0.619296853    0.616698783
    1.599968119    0.618716189    0.616073665
    1.612566293    0.618125758    0.615437792
    1.625164467    0.617525363    0.614790976
    1.637762641    0.616914798    0.614133026
    1.650360815    0.616293848    0.613463745
    1.662958990    0.615662289    0.612782935
    1.675557164    0.615019896    0.612090391
    1.688155338    0.614366437    0.611385910
    1.700753512    0.613701681    0.610669281
    1.713351686    0.613025398    0.609940293
    1.725949860    0.612337359    0.609198732
    1.738548035    0.611637343    0.608444380
    1.751146209    0.610925131    0.607677018
    1.763744383    0.610200513    0.606896423
    1.776342557    0.609463285    0.606102370
    1.788940731    0.608713251    0.605294632
    1.801538905    0.607950221    0.604472976
    1.814137080    0.607174010    0.603637168
    1.826735254    0.606384437    0.602786968
    1.839333428    0.605581323    0.601922135
    1.851931602    0.604764487    0.601042419
    1.864529776    0.603933748    0.600147567
    1.877127950    0.603088917    0.599237322
    1.889726125    0.602229798    0.598311419
    1.902324299    0.601356181    0.597369585
    1.914922473    0.600467846    0.596411545
    1.927520647    0.599564556    0.595437012
    1.940118821    0.598646056    0.594445695
    1.952716995    0.597712075    0.593437295
    1.965315169    0.596762320    0.592411505
    1.977913344    0.595796483    0.591368013
    1.990511518    0.594814234    0.590306497
    2.003109692    0.593815228    0.589226629
    2.015707866    0.592799107    0.588128077
    2.028306040    0.591765496    0.587010501
    2.040904214    0.590714015    0.585873555
    2.053502389    0.589644274    0.584716889
    2.066100563    0.588555881    0.583540147
    2.078698737    0.587448444    0.582342971
    2.091296911    0.586321573    0.581124997
    2.103895085    0.585174884    0.579885858
    2.116493259    0.584008001    0.578625184
    2.129091434    0.582820558    0.577342600
    2.141689608    0.581612200    0.576037730
    2.154287782    0.580382583    0.574710192
    2.166885956    0.579131374    0.573359601
    2.179484130    0.577858250    0.571985567
    2.192082304    0.576562895    0.570587695
    2.204680479    0.575244998    0.569165581
    2.217278653    0.573904251    0.567718817
    2.229876827    0.572540343    0.566246985
    2.242475001    0.571152955    0.564749655
    2.255073175    0.569741758    0.563226388
    2.267671349    0.568306409    0.561676729
    2.280269524    0.566846543    0.560100212
    2.292867698    0.565361773    0.558496351
    2.305465872    0.563851684    0.556864644
    2.318064046    0.562315832    0.555204568
    2.330662220    0.560753740    0.553515582
    2.343260394    0.559164902    0.551797120
    2.355858569    0.557548776    0.550048594
    2.368456743    0.555904793    0.548269390
    2.381054917    0.554232353    0.546458870
    2.393653091    0.552530832    0.544616370
    2.406251265    0.550799586    0.542741199
    2.418849439    0.549037955    0.540832639
    2.431447614    0.547245269    0.538889947
    2.444045788    0.545420852    0.536912351
    2.456643962    0.543564033    0.534899054
    2.469242136    0.541674147    0.532849234
    2.481840310    0.539750544    0.530762044
    2.494438484    0.537792588    0.528636611
    2.507036659    0.535799670    0.526472041
    2.519634833    0.533771204    0.524267419
    2.532233007    0.531706628    0.522021807
    2.544831181    0.529605410    0.519734250
    2.557429355    0.527467039    0.517403775
    2.570027529    0.525291028    0.515029391
    2.582625703    0.523076906    0.512610097
    2.595223878    0.520824211    0.510144874
    2.607822052    0.518532484    0.507632696
    2.620420226    0.516201258    0.505072525
    2.633018400    0.513830051    0.502463315
    2.645616574    0.511418349    0.499804017
    2.658214748    0.508965602    0.497093574
    2.670812923    0.506471206    0.494330927
    2.683411097    0.503934492    0.491515017
    2.696009271    0.501354720    0.488644785
    2.708607445    0.498731060    0.485719172
    2.721205619    0.496062591    0.482737126
    2.733803793    0.493348286    0.479697595
    2.746401968    0.490587007    0.476599537
    2.759000142    0.487777504    0.473441915
    2.771598316    0.484918407    0.470223700
    2.784196490    0.482008227    0.466943874
    2.796794664    0.479045356    0.463601426
    2.809392838    0.476028072    0.460195358
    2.821991013    0.472954540    0.456724678
    2.834589187    0.469822825    0.453188410
    2.847187361    0.466630895    0.449585584
    2.859785535    0.463376633    0.445915242
    2.872383709    0.460057849    0.442176434
    2.884981883    0.456672292    0.438368220
    2.897580058    0.453217664    0.434489666
    2.910178232    0.449691636    0.430539844
    2.922776406    0.446091856    0.426517832
    2.935374580    0.442415972    0.422422710
    2.947972754    0.438661644    0.418253561
    2.960570928    0.434826553    0.414009465
    2.973169103    0.430908425    0.409689505
    2.985767277    0.426905037    0.405292756
    2.998365451    0.422814232    0.400818292
    3.010963625    0.418633934    0.396265180
    3.023561799    0.414362154    0.391632482
    3.036159973    0.409997005    0.386919251
    3.048758148    0.405536711    0.382124534
    3.061356322    0.400979611    0.377247371
    3.073954496    0.396324171    0.372286796
    3.086552670    0.391568990    0.367241839
    3.099150844    0.386712800    0.362111525
    3.111749018    0.381754475    0.356894880
    3.124347193    0.376693030    0.351590929
    3.136945367    0.371527626    0.346198705
    3.149543541    0.366257563    0.340717248
    3.162141715    0.360882286    0.335145611
    3.174739889    0.355401372    0.329482866
    3.187338063    0.349814535    0.323728103
    3.199936237    0.344121611    0.317880443
    3.212534412    0.338322552    0.311939037
    3.225132586    0.332417419    0.305903074
    3.237730760    0.326406362    0.299771786
    3.250328934    0.320289614    0.293544451
    3.262927108    0.314067471    0.287220401
    3.275525282    0.307740277    0.280799027
    3.288123457    0.301308407    0.274279778
    3.300721631    0.294772247    0.267662172
    3.313319805    0.288132174    0.260945796
    3.325917979    0.281388539    0.254130311
    3.338516153    0.274541648    0.247215452
    3.351114327    0.267591742    0.240201034
    3.363712502    0.260538983    0.233086951
    3.376310676    0.253383434    0.225873180
    3.388908850    0.246125053    0.218559781
    3.401507024    0.238763676    0.211146894
    3.414105198    0.231299015    0.203634748
    3.426703372    0.223730651    0.196023651
    3.439301547    0.216058036    0.188313996
    3.451899721    0.208280498    0.180506260
    3.464497895    0.200397246    0.172601001
    3.477096069    0.192407386    0.164598856
    3.489694243    0.184309936    0.156500546
    3.502292417    0.176103847    0.148306869
    3.514890592    0.167788026    0.140018700
    3.527488766    0.159361364    0.131636993
    3.540086940    0.150822766    0.123162777
    3.552685114    0.142171184    0.114597158
    3.565283288    0.133405646    0.105941312
    3.577881462    0.124525294    0.097196492
    3.590479637    0.115529415    0.088364022
    3.603077811    0.106417475    0.079445297
    3.615675985    0.097189150    0.070441784
    3.628274159    0.087844351    0.061355017
    3.640872333    0.078383252    0.052186601
    3.653470507    0.068806311    0.042938209
    3.666068682    0.059114286    0.033611579
    3.678666856    0.049308246    0.024208516
    3.691265030    0.039389580    0.014730888
    3.703863204    0.029359998    0.005180629
    3.716461378    0.019221525   -0.004440268
    3.729059552    0.008976499   -0.014129749
    3.741657727   -0.001372449   -0.023885700
    3.754255901   -0.011822406   -0.033705949
    3.766854075   -0.022370205   -0.043588270
    3.779452249   -0.033012440   -0.053530381
    3.792050423   -0.043745503   -0.063529944
    3.804648597   -0.054565602   -0.073584572
    3.817246772   -0.065468798   -0.083691824
    3.829844946   -0.076451027   -0.093849209
    3.842443120   -0.087508134   -0.104054185
    3.855041294   -0.098635895   -0.114304161
    3.867639468   -0.109830044   -0.124596493
    3.880237642   -0.121086295   -0.134928488
    3.892835816   -0.132400355   -0.145297402
    3.905433991   -0.143767946   -0.155700439
    3.918032165   -0.155184812   -0.166134748
    3.930630339   -0.166646726   -0.176597427
    3.943228513   -0.178149494   -0.187085515
    3.955826687   -0.189688956   -0.197595995
    3.968424861   -0.201260981   -0.208125794
    3.981023036   -0.212861461   -0.218671775
    3.993621210   -0.224486300   -0.229230744
    4.006219384   -0.236131408   -0.239799443
    4.018817558   -0.247792687   -0.250374551
    4.031415732   -0.259466019   -0.260952686
    4.044013906   -0.271147251   -0.271530402
    4.056612081   -0.282832191   -0.282104193
    4.069210255   -0.294516590   -0.292670488
    4.081808429   -0.306196138   -0.303225660
    4.094406603   -0.317866460   -0.313766025
    4.107004777   -0.329523105   -0.324287842
    4.119602951   -0.341161553   -0.334787321
    4.132201126   -0.352777214   -0.345260624
    4.144799300   -0.364365431   -0.355703871
    4.157397474   -0.375921487   -0.366113142
    4.169995648   -0.387440619   -0.376484485
    4.182593822   -0.398918024   -0.386813919
    4.195191996   -0.410348875   -0.397097439
    4.207790171   -0.421728332   -0.407331027
    4.220388345   -0.433051562   -0.417510650
    4.232986519   -0.444313747   -0.427632268
    4.245584693   -0.455510104   -0.437691843
    4.258182867   -0.466635891   -0.447685340
    4.270781041   -0.477686428   -0.457608732
    4.283379216   -0.488657097   -0.467458005
    4.295977390   -0.499543358   -0.477229164
    4.308575564   -0.510340747   -0.486918234
    4.321173738   -0.521044886   -0.496521264
    4.333771912   -0.531651478   -0.506034327
    4.346370086   -0.542156307   -0.515453530
    4.358968261   -0.552555233   -0.524775006
    4.371566435   -0.562844189   -0.533994924
    4.384164609   -0.573019169   -0.543109483
    4.396762783   -0.583076222   -0.552114919
    4.409360957   -0.593011441   -0.561007505
    4.421959131   -0.602820953   -0.569783546
    4.434557306   -0.612500910   -0.578439387
    4.447155480   -0.622047478   -0.586971410
    4.459753654   -0.631456833   -0.595376036
    4.472351828   -0.640725150   -0.603649725
    4.484950002   -0.649848597   -0.611788977
    4.497548176   -0.658823339   -0.619790336
    4.510146350   -0.667645528   -0.627650389
    4.522744525   -0.676311312   -0.635365767
    4.535342699   -0.684816834   -0.642933149
    4.547940873   -0.693158238   -0.650349267
    4.560539047   -0.701331677   -0.657610901
    4.573137221   -0.709333324   -0.664714890
    4.585735395   -0.717159376   -0.671658128
    4.598333570   -0.724806073   -0.678437571
    4.610931744   -0.732269705   -0.685050240
    4.623529918   -0.739546622   -0.691493221
    4.636128092   -0.746633252   -0.697763669
    4.648726266   -0.753526104   -0.703858814
    4.661324440   -0.760221784   -0.709775958
    4.673922615   -0.766717001   -0.715512481
    4.686520789   -0.773008573   -0.721065842
    4.699118963   -0.779093435   -0.726433581
    4.711717137   -0.784968639   -0.731613321
    4.724315311   -0.790631359   -0.736602767
    4.736913485   -0.796078889   -0.741399709
    4.749511660   -0.801308642   -0.746002025
    4.762109834   -0.806318147   -0.750407675
    4.774708008   -0.811105047   -0.754614707
    4.787306182   -0.815667091   -0.758621256
    4.799904356   -0.820002129   -0.762425543
    4.812502530   -0.824108109   -0.766025873
    4.825100705   -0.827983070   -0.769420642
    4.837698879   -0.831625138   -0.772608327
    4.850297053   -0.835032523   -0.775587497
    4.862895227   -0.838203512   -0.778356802
    4.875493401   -0.841136473   -0.780914983
    4.888091575   -0.843829852   -0.783260867
    4.900689750   -0.846282175   -0.785393369
    4.913287924   -0.848492049   -0.787311491
    4.925886098   -0.850458171   -0.789014328
    4.938484272   -0.852179328   -0.790501063
    4.951082446   -0.853654406   -0.791770972
    4.963680620   -0.854882398   -0.792823422
    4.976278795   -0.855862411   -0.793657878
    4.988876969   -0.856593674   -0.794273897
    5.001475143   -0.857075548   -0.794671136
    5.014073317   -0.857307530   -0.794849347
    5.026671491   -0.857289262   -0.794808383
    5.039269665   -0.857020540   -0.794548196
    5.051867840   -0.856501312   -0.794068839
    5.064466014   -0.855731688   -0.793370468
    5.077064188   -0.854711937   -0.792453337
    5.089662362   -0.853442490   -0.791317803
    5.102260536   -0.851923936   -0.789964325
    5.114858710   -0.850157024   -0.788393462
    5.127456884   -0.848142653   -0.786605870
    5.140055059   -0.845881868   -0.784602308
    5.152653233   -0.843375856   -0.782383630
    5.165251407   -0.840625937   -0.779950787
    5.177849581   -0.837633555   -0.777304823
    5.190447755   -0.834400271   -0.774446878
    5.203045929   -0.830927756   -0.771378180
    5.215644104   -0.827217783   -0.768100048
    5.228242278   -0.823272220   -0.764613890
    5.240840452   -0.819093024   -0.760921199
    5.253438626   -0.814682238   -0.757023552
    5.266036800   -0.810041987   -0.752922610
    5.278634974   -0.805174474   -0.748620117
    5.291233149   -0.800081982   -0.744117895
    5.303831323   -0.794766871   -0.739417848
    5.316429497   -0.789231585   -0.734521957
    5.329027671   -0.783478648   -0.729432281
    5.341625845   -0.777510672   -0.724150956
    5.354224019   -0.771330359   -0.718680194
    5.366822194   -0.764940503   -0.713022283
    5.379420368   -0.758343999   -0.707179584
    5.392018542   -0.751543841   -0.701154536
    5.404616716   -0.744543129   -0.694949647
    5.417214890   -0.737345066   -0.688567501
    5.429813064   -0.729952966   -0.682010754
    5.442411239   -0.722370249   -0.675282132
    5.455009413   -0.714600436   -0.668384433
    5.467607587   -0.706647156   -0.661320522
    5.480205761   -0.698514131   -0.654093336
    5.492803935   -0.690205175   -0.646705875
    5.505402109   -0.681724187   -0.639161208
    5.518000284   -0.673075141   -0.631462468
    5.530598458   -0.664262077   -0.623612848
    5.543196632   -0.655289093   -0.615615608
    5.555794806   -0.646160333   -0.607474063
    5.568392980   -0.636879975   -0.599191592
    5.580991154   -0.627452227   -0.590771628
    5.593589329   -0.617881310   -0.582217662
    5.606187503   -0.608171456   -0.573533239
    5.618785677   -0.598326894   -0.564721960
    5.631383851   -0.588351851   -0.555787479
    5.643982025   -0.578250538   -0.546733500
    5.656580199   -0.568027155   -0.537563780
    5.669178374   -0.557685881   -0.528282127
    5.681776548   -0.547230879   -0.518892397
    5.694374722   -0.536666295   -0.509398495
    5.706972896   -0.525996256   -0.499804375
    5.719571070   -0.515224878   -0.490114037
    5.732169244   -0.504356270   -0.480331525
    5.744767419   -0.493394531   -0.470460931
    5.757365593   -0.482343764   -0.460506384
    5.769963767   -0.471208075   -0.450472057
    5.782561941   -0.459991580   -0.440362160
    5.795160115   -0.448698411   -0.430180936
    5.807758289   -0.437332716   -0.419932664
    5.820356463   -0.425898669   -0.409621647
    5.832954638   -0.414400464   -0.399252214
    5.845552812   -0.402842327   -0.388828714
    5.858150986   -0.391228511   -0.378355510
    5.870749160   -0.379563298   -0.367836976
    5.883347334   -0.367851000   -0.357277487
    5.895945508   -0.356095958   -0.346681419
    5.908543683   -0.344302542   -0.336053138
    5.921141857   -0.332475149   -0.325396998
    5.933740031   -0.320618203   -0.314717330
    5.946338205   -0.308736153   -0.304018441
    5.958936379   -0.296833477   -0.293304603
    5.971534553   -0.284914677   -0.282580051
    5.984132728   -0.272984285   -0.271848975
    5.996730902   -0.261046862   -0.261115514
    6.009329076   -0.249107001   -0.250383756
    6.021927250   -0.237169334   -0.239657728
    6.034525424   -0.225238533   -0.228941395
    6.047123598   -0.213319316   -0.218238656
    6.059721773   -0.201416452   -0.207553342
    6.072319947   -0.189534768   -0.196889211
    6.084918121   -0.177679152   -0.186249953
    6.097516295   -0.165854560   -0.175639182
    6.110114469   -0.154066016   -0.165060438
    6.122712643   -0.142318616   -0.154517189
    6.135310818   -0.130617531   -0.144012829
    6.147908992   -0.118967997   -0.133550678
    6.160507166   -0.107375320   -0.123133986
    6.173105340   -0.095844863   -0.112765931
    6.185703514   -0.084382035   -0.102449625
    6.198301688   -0.072992281   -0.092188108
    6.210899863   -0.061681061   -0.081984356
    6.223498037   -0.050453836   -0.071841278
    6.236096211   -0.039316037   -0.061761719
    6.248694385   -0.028273045   -0.051748460
    6.261292559   -0.017330163   -0.041804220
    6.273890733   -0.006492580   -0.031931653
    6.286488908    0.004234652   -0.022133351
    6.299087082    0.014846657   -0.012411843
    6.311685256    0.025338764   -0.002769593
    6.324283430    0.035706541    0.006791000
    6.336881604    0.045945821    0.016267603
    6.349479778    0.056052736    0.025657951
    6.362077953    0.066023738    0.034959849
    6.374676127    0.075855621    0.044171171
    6.387274301    0.085545543    0.053289865
    6.399872475    0.095091034    0.062313956
    6.412470649    0.104490009    0.071241541
    6.425068823    0.113740769    0.080070800
    6.437666997    0.122841997    0.088799990
    6.450265172    0.131792757    0.097427450
    6.462863346    0.140592473    0.105951602
    6.475461520    0.149240919    0.114370952
    6.488059694    0.157738191    0.122684091
    6.500657868    0.166084686    0.130889694
    6.513256042    0.174281068    0.138986523
    6.525854217    0.182328238    0.146973425
    6.538452391    0.190227300    0.154849335
    6.551050565    0.197979522    0.162613270
    6.563648739    0.205586308    0.170264334
    6.576246913    0.213049154    0.177801717
    6.588845087    0.220369621    0.185224691
    6.601443262    0.227549299    0.192532610
    6.614041436    0.234589782    0.199724913
    6.626639610    0.241492639    0.206801117
    6.639237784    0.248259396    0.213760822
    6.651835958    0.254891516    0.220603704
    6.664434132    0.261390389    0.227329519
    6.677032307    0.267757322    0.233938100
    6.689630481    0.273993538    0.240429354
    6.702228655    0.280100177    0.246803263
    6.714826829    0.286078298    0.253059885
    6.727425003    0.291928895    0.259199347
    6.740023177    0.297652903    0.265221847
    6.752621352    0.303251218    0.271127655
    6.765219526    0.308724712    0.276917106
    6.777817700    0.314074253    0.282590602
    6.790415874    0.319300725    0.288148608
    6.803014048    0.324405045    0.293591652
    6.815612222    0.329388185    0.298920320
    6.828210397    0.334251186    0.304135256
    6.840808571    0.338995176    0.309237156
    6.853406745    0.343621380    0.314226768
    6.866004919    0.348131132    0.319104884
    6.878603093    0.352525878    0.323872342
    6.891201267    0.356807183    0.328530017
    6.903799442    0.360976725    0.333078820
    6.916397616    0.365036294    0.337519692
    6.928995790    0.368987784    0.341853599
    6.941593964    0.372833178    0.346081532
    6.954192138    0.376574536    0.350204494
    6.966790312    0.380213979    0.354223504
    6.979388487    0.383753667    0.358139588
    6.991986661    0.387195779    0.361953774
    7.004584835    0.390542495    0.365667091
    7.017183009    0.393795968    0.369280565
    7.029781183    0.396958307    0.372795211
    7.042379357    0.400031554    0.376212035
    7.054977531    0.403017664    0.379532029
    7.067575706    0.405918489    0.382756167
    7.080173880    0.408735760    0.385885405
    7.092772054    0.411471077    0.388920681
    7.105370228    0.414125896    0.391862909
    7.117968402    0.416701527    0.394712981
    7.130566576    0.419199124    0.397471767
    7.143164751    0.421619690    0.400140115
    7.155762925    0.423964078    0.402718849
    7.168361099    0.426232996    0.405208772
    7.180959273    0.428427017    0.407610664
    7.193557447    0.430546590    0.409925286
    7.206155621    0.432592051    0.412153378
    7.218753796    0.434563640    0.414295664
    7.231351970    0.436461515    0.416352849
    7.243950144    0.438285771    0.418325620
    7.256548318    0.440036452    0.420214653
    7.269146492    0.441713574    0.422020605
    7.281744666    0.443317134    0.423744121
    7.294342841    0.444847129    0.425385833
    7.306941015    0.446303568    0.426946357
    7.319539189    0.447686483    0.428426299
    7.332137363    0.448995937    0.429826247
    7.344735537    0.450232033    0.431146778
    7.357333711    0.451394918    0.432388452
    7.369931886    0.452484786    0.433551810
    7.382530060    0.453501876    0.434637379
    7.395128234    0.454446470    0.435645661
    7.407726408    0.455318890    0.436577141
    7.420324582    0.456119493    0.437432277
    7.432922756    0.456848657    0.438211503
    7.445520931    0.457506780    0.438915222
    7.458119105    0.458094264    0.439543810
    7.470717279    0.458611508    0.440097609
    7.483315453    0.459058893    0.440576926
    7.495913627    0.459436778    0.440982031
    7.508511801    0.459745482    0.441313158
    7.521109976    0.459985283    0.441570499
    7.533708150    0.460156404    0.441754205
    7.546306324    0.460259009    0.441864385
    7.558904498    0.460293200    0.441901104
    7.571502672    0.460259009    0.441864385
    7.584100846    0.460156404    0.441754205
    7.596699021    0.459985283    0.441570499
    7.609297195    0.459745482    0.441313158
    7.621895369    0.459436778    0.440982031
    7.634493543    0.459058893    0.440576926
    7.647091717    0.458611508    0.440097609
    7.659689891    0.458094264    0.439543810
    7.672288065    0.457506780    0.438915222
    7.684886240    0.456848657    0.438211503
    7.697484414    0.456119493    0.437432277
    7.710082588    0.455318890    0.436577141
    7.722680762    0.454446470    0.435645661
    7.735278936    0.453501876    0.434637379
    7.747877110    0.452484786    0.433551810
    7.760475285    0.451394918    0.432388452
    7.773073459    0.450232033    0.431146778
    7.785671633    0.448995937    0.429826247
    7.798269807    0.447686483    0.428426299
    7.810867981    0.446303568    0.426946357
    7.823466155    0.444847129    0.425385833
    7.836064330    0.443317134    0.423744121
    7.848662504    0.441713574    0.422020605
    7.861260678    0.440036452    0.420214653
    7.873858852    0.438285771    0.418325620
    7.886457026    0.436461515    0.416352849
    7.899055200    0.434563640    0.414295664
    7.911653375    0.432592051    0.412153378
    7.924251549    0.430546590    0.409925285
    7.936849723    0.428427017    0.407610664
    7.949447897    0.426232996    0.405208772
    7.962046071    0.423964078    0.402718849
    7.974644245    0.421619690    0.400140115
    7.987242420    0.419199124    0.397471767
    7.999840594    0.416701527    0.394712981
    8.012438768    0.414125896    0.391862908
    8.025036942    0.411471077    0.388920681
    8.037635116    0.408735760    0.385885405
    8.050233290    0.405918489    0.382756166
    8.062831465    0.403017664    0.379532029
    8.075429639    0.400031554    0.376212035
    8.088027813    0.396958307    0.372795211
    8.100625987    0.393795968    0.369280565
    8.113224161    0.390542495    0.365667091
    8.125822335    0.387195779    0.361953774
    8.138420510    0.383753666    0.358139587
    8.151018684    0.380213979    0.354223504
    8.163616858    0.376574536    0.350204494
    8.176215032    0.372833178    0.346081532
    8.188813206    0.368987784    0.341853599
    8.201411380    0.365036294    0.337519691
    8.214009555    0.360976725    0.333078820
    8.226607729    0.356807183    0.328530017
    8.239205903    0.352525878    0.323872341
    8.251804077    0.348131132    0.319104884
    8.264402251    0.343621380    0.314226767
    8.277000425    0.338995176    0.309237156
    8.289598600    0.334251186    0.304135256
    8.302196774    0.329388185    0.298920320
    8.314794948    0.324405045    0.293591651
    8.327393122    0.319300725    0.288148607
    8.339991296    0.314074253    0.282590601
    8.352589470    0.308724712    0.276917106
    8.365187644    0.303251218    0.271127655
    8.377785819    0.297652903    0.265221847
    8.390383993    0.291928895    0.259199346
    8.402982167    0.286078298    0.253059885
    8.415580341    0.280100177    0.246803263
    8.428178515    0.273993538    0.240429353
    8.440776689    0.267757322    0.233938100
    8.453374864    0.261390388    0.227329519
    8.465973038    0.254891516    0.220603704
    8.478571212    0.248259396    0.213760822
    8.491169386    0.241492639    0.206801117
    8.503767560    0.234589782    0.199724913
    8.516365734    0.227549299    0.192532610
    8.528963909    0.220369621    0.185224691
    8.541562083    0.213049154    0.177801717
    8.554160257    0.205586308    0.170264334
    8.566758431    0.197979522    0.162613269
    8.579356605    0.190227299    0.154849334
    8.591954779    0.182328238    0.146973425
    8.604552954    0.174281068    0.138986522
    8.617151128    0.166084686    0.130889693
    8.629749302    0.157738191    0.122684090
    8.642347476    0.149240918    0.114370952
    8.654945650    0.140592473    0.105951602
    8.667543824    0.131792756    0.097427449
    8.680141999    0.122841997    0.088799990
    8.692740173    0.113740768    0.080070800
    8.705338347    0.104490009    0.071241541
    8.717936521    0.095091034    0.062313955
    8.730534695    0.085545543    0.053289865
    8.743132869    0.075855621    0.044171170
    8.755731044    0.066023737    0.034959848
    8.768329218    0.056052736    0.025657951
    8.780927392    0.045945821    0.016267603
    8.793525566    0.035706540    0.006791000
    8.806123740    0.025338764   -0.002769593
    8.818721914    0.014846656   -0.012411843
    8.831320089    0.004234651   -0.022133352
    8.843918263   -0.006492581   -0.031931653
    8.856516437   -0.017330163   -0.041804220
    8.869114611   -0.028273045   -0.051748460
    8.881712785   -0.039316037   -0.061761719
    8.894310959   -0.050453836   -0.071841278
    8.906909134   -0.061681062   -0.081984356
    8.919507308   -0.072992281   -0.092188109
    8.932105482   -0.084382035   -0.102449626
    8.944703656   -0.095844863   -0.112765932
    8.957301830   -0.107375321   -0.123133986
    8.969900004   -0.118967997   -0.133550678
    8.982498178   -0.130617531   -0.144012829
    8.995096353   -0.142318617   -0.154517190
    9.007694527   -0.154066016   -0.165060439
    9.020292701   -0.165854560   -0.175639182
    9.032890875   -0.177679153   -0.186249954
    9.045489049   -0.189534768   -0.196889212
    9.058087223   -0.201416452   -0.207553342
    9.070685398   -0.213319316   -0.218238657
    9.083283572   -0.225238534   -0.228941396
    9.095881746   -0.237169335   -0.239657729
    9.108479920   -0.249107002   -0.250383757
    9.121078094   -0.261046862   -0.261115515
    9.133676268   -0.272984286   -0.271848975
    9.146274443   -0.284914678   -0.282580052
    9.158872617   -0.296833477   -0.293304604
    9.171470791   -0.308736154   -0.304018442
    9.184068965   -0.320618203   -0.314717331
    9.196667139   -0.332475150   -0.325396998
    9.209265313   -0.344302543   -0.336053139
    9.221863488   -0.356095959   -0.346681419
    9.234461662   -0.367851001   -0.357277487
    9.247059836   -0.379563299   -0.367836976
    9.259658010   -0.391228512   -0.378355511
    9.272256184   -0.402842328   -0.388828715
    9.284854358   -0.414400465   -0.399252215
    9.297452533   -0.425898669   -0.409621647
    9.310050707   -0.437332717   -0.419932664
    9.322648881   -0.448698411   -0.430180937
    9.335247055   -0.459991581   -0.440362160
    9.347845229   -0.471208075   -0.450472057
    9.360443403   -0.482343764   -0.460506384
    9.373041578   -0.493394531   -0.470460931
    9.385639752   -0.504356270   -0.480331526
    9.398237926   -0.515224879   -0.490114037
    9.410836100   -0.525996256   -0.499804375
    9.423434274   -0.536666295   -0.509398495
    9.436032448   -0.547230880   -0.518892397
    9.448630623   -0.557685881   -0.528282127
    9.461228797   -0.568027155   -0.537563781
    9.473826971   -0.578250539   -0.546733500
    9.486425145   -0.588351851   -0.555787479
    9.499023319   -0.598326895   -0.564721961
    9.511621493   -0.608171456   -0.573533239
    9.524219668   -0.617881311   -0.582217662
    9.536817842   -0.627452227   -0.590771628
    9.549416016   -0.636879976   -0.599191592
    9.562014190   -0.646160333   -0.607474064
    9.574612364   -0.655289094   -0.615615608
    9.587210538   -0.664262077   -0.623612849
    9.599808712   -0.673075141   -0.631462468
    9.612406887   -0.681724187   -0.639161209
    9.625005061   -0.690205175   -0.646705876
    9.637603235   -0.698514131   -0.654093336
    9.650201409   -0.706647156   -0.661320523
    9.662799583   -0.714600437   -0.668384433
    9.675397757   -0.722370249   -0.675282133
    9.687995932   -0.729952967   -0.682010754
    9.700594106   -0.737345067   -0.688567502
    9.713192280   -0.744543129   -0.694949647
    9.725790454   -0.751543842   -0.701154536
    9.738388628   -0.758344000   -0.707179585
    9.750986802   -0.764940504   -0.713022283
    9.763584977   -0.771330359   -0.718680195
    9.776183151   -0.777510673   -0.724150957
    9.788781325   -0.783478649   -0.729432282
    9.801379499   -0.789231586   -0.734521958
    9.813977673   -0.794766872   -0.739417849
    9.826575847   -0.800081982   -0.744117896
    9.839174022   -0.805174475   -0.748620117
    9.851772196   -0.810041987   -0.752922611
    9.864370370   -0.814682239   -0.757023552
    9.876968544   -0.819093024   -0.760921199
    9.889566718   -0.823272220   -0.764613891
    9.902164892   -0.827217784   -0.768100048
    9.914763067   -0.830927757   -0.771378180
    9.927361241   -0.834400272   -0.774446878
    9.939959415   -0.837633556   -0.777304823
    9.952557589   -0.840625938   -0.779950787
    9.965155763   -0.843375857   -0.782383630
    9.977753937   -0.845881868   -0.784602308
    9.990352112   -0.848142653   -0.786605870
   10.002950286   -0.850157025   -0.788393462
   10.015548460   -0.851923937   -0.789964326
   10.028146634   -0.853442490   -0.791317804
   10.040744808   -0.854711937   -0.792453337
   10.053342982   -0.855731689   -0.793370468
   10.065941157   -0.856501313   -0.794068840
   10.078539331   -0.857020540   -0.794548196
   10.091137505   -0.857289263   -0.794808383
   10.103735679   -0.857307530   -0.794849347
   10.116333853   -0.857075548   -0.794671136
   10.128932027   -0.856593675   -0.794273898
   10.141530202   -0.855862411   -0.793657878
   10.154128376   -0.854882398   -0.792823423
   10.166726550   -0.853654406   -0.791770972
   10.179324724   -0.852179328   -0.790501063
   10.191922898   -0.850458172   -0.789014329
   10.204521072   -0.848492050   -0.787311492
   10.217119247   -0.846282175   -0.785393369
   10.229717421   -0.843829852   -0.783260868
   10.242315595   -0.841136473   -0.780914984
   10.254913769   -0.838203512   -0.778356802
   10.267511943   -0.835032523   -0.775587497
   10.280110117   -0.831625139   -0.772608328
   10.292708291   -0.827983070   -0.769420642
   10.305306466   -0.824108109   -0.766025874
   10.317904640   -0.820002129   -0.762425543
   10.330502814   -0.815667091   -0.758621257
   10.343100988   -0.811105048   -0.754614708
   10.355699162   -0.806318148   -0.750407675
   10.368297336   -0.801308642   -0.746002025
   10.380895511   -0.796078889   -0.741399710
   10.393493685   -0.790631359   -0.736602767
   10.406091859   -0.784968639   -0.731613321
   10.418690033   -0.779093435   -0.726433582
   10.431288207   -0.773008574   -0.721065843
   10.443886381   -0.766717001   -0.715512481
   10.456484556   -0.760221784   -0.709775958
   10.469082730   -0.753526104   -0.703858814
   10.481680904   -0.746633252   -0.697763670
   10.494279078   -0.739546622   -0.691493221
   10.506877252   -0.732269705   -0.685050240
   10.519475426   -0.724806074   -0.678437572
   10.532073601   -0.717159376   -0.671658128
   10.544671775   -0.709333324   -0.664714890
   10.557269949   -0.701331678   -0.657610902
   10.569868123   -0.693158238   -0.650349267
   10.582466297   -0.684816834   -0.642933150
   10.595064471   -0.676311313   -0.635365767
   10.607662646   -0.667645529   -0.627650389
   10.620260820   -0.658823339   -0.619790337
   10.632858994   -0.649848598   -0.611788978
   10.645457168   -0.640725150   -0.603649725
   10.658055342   -0.631456834   -0.595376036
   10.670653516   -0.622047479   -0.586971410
   10.683251691   -0.612500910   -0.578439387
   10.695849865   -0.602820953   -0.569783546
   10.708448039   -0.593011441   -0.561007505
   10.721046213   -0.583076222   -0.552114920
   10.733644387   -0.573019169   -0.543109483
   10.746242561   -0.562844189   -0.533994924
   10.758840736   -0.552555233   -0.524775007
   10.771438910   -0.542156307   -0.515453530
   10.784037084   -0.531651478   -0.506034328
   10.796635258   -0.521044887   -0.496521264
   10.809233432   -0.510340748   -0.486918235
   10.821831606   -0.499543358   -0.477229165
   10.834429781   -0.488657098   -0.467458005
   10.847027955   -0.477686428   -0.457608732
   10.859626129   -0.466635892   -0.447685340
   10.872224303   -0.455510104   -0.437691843
   10.884822477   -0.444313748   -0.427632268
   10.897420651   -0.433051562   -0.417510650
   10.910018825   -0.421728333   -0.407331027
   10.922617000   -0.410348875   -0.397097440
   10.935215174   -0.398918025   -0.386813919
   10.947813348   -0.387440620   -0.376484485
   10.960411522   -0.375921488   -0.366113143
   10.973009696   -0.364365431   -0.355703872
   10.985607870   -0.352777215   -0.345260625
   10.998206045   -0.341161554   -0.334787321
   11.010804219   -0.329523105   -0.324287842
   11.023402393   -0.317866460   -0.313766025
   11.036000567   -0.306196139   -0.303225661
   11.048598741   -0.294516590   -0.292670488
   11.061196915   -0.282832191   -0.282104193
   11.073795090   -0.271147252   -0.271530403
   11.086393264   -0.259466019   -0.260952686
   11.098991438   -0.247792688   -0.250374551
   11.111589612   -0.236131408   -0.239799443
   11.124187786   -0.224486300   -0.229230744
   11.136785960   -0.212861461   -0.218671776
   11.149384135   -0.201260982   -0.208125794
   11.161982309   -0.189688957   -0.197595996
   11.174580483   -0.178149494   -0.187085515
   11.187178657   -0.166646726   -0.176597427
   11.199776831   -0.155184812   -0.166134748
   11.212375005   -0.143767946   -0.155700439
   11.224973180   -0.132400355   -0.145297402
   11.237571354   -0.121086295   -0.134928488
   11.250169528   -0.109830045   -0.124596493
   11.262767702   -0.098635895   -0.114304161
   11.275365876   -0.087508134   -0.104054186
   11.287964050   -0.076451027   -0.093849209
   11.300562225   -0.065468798   -0.083691824
   11.313160399   -0.054565602   -0.073584572
   11.325758573   -0.043745503   -0.063529944
   11.338356747   -0.033012441   -0.053530381
   11.350954921   -0.022370205   -0.043588271
   11.363553095   -0.011822407   -0.033705950
   11.376151270   -0.001372449   -0.023885700
   11.388749444    0.008976498   -0.014129749
   11.401347618    0.019221525   -0.004440269
   11.413945792    0.029359997    0.005180629
   11.426543966    0.039389580    0.014730888
   11.439142140    0.049308246    0.024208515
   11.451740315    0.059114286    0.033611579
   11.464338489    0.068806311    0.042938209
   11.476936663    0.078383252    0.052186601
   11.489534837    0.087844350    0.061355017
   11.502133011    0.097189150    0.070441784
   11.514731185    0.106417475    0.079445297
   11.527329359    0.115529415    0.088364022
   11.539927534    0.124525293    0.097196492
   11.552525708    0.133405646    0.105941312
   11.565123882    0.142171184    0.114597157
   11.577722056    0.150822766    0.123162777
   11.590320230    0.159361363    0.131636993
   11.602918404    0.167788025    0.140018699
   11.615516579    0.176103846    0.148306868
   11.628114753    0.184309936    0.156500546
   11.640712927    0.192407385    0.164598856
   11.653311101    0.200397245    0.172601000
   11.665909275    0.208280497    0.180506260
   11.678507449    0.216058036    0.188313996
   11.691105624    0.223730650    0.196023650
   11.703703798    0.231299014    0.203634747
   11.716301972    0.238763676    0.211146894
   11.728900146    0.246125052    0.218559780
   11.741498320    0.253383434    0.225873180
   11.754096494    0.260538982    0.233086951
   11.766694669    0.267591742    0.240201034
   11.779292843    0.274541648    0.247215452
   11.791891017    0.281388538    0.254130310
   11.804489191    0.288132173    0.260945796
   11.817087365    0.294772246    0.267662171
   11.829685539    0.301308407    0.274279777
   11.842283714    0.307740277    0.280799026
   11.854881888    0.314067470    0.287220401
   11.867480062    0.320289613    0.293544450
   11.880078236    0.326406361    0.299771785
   11.892676410    0.332417418    0.305903074
   11.905274584    0.338322552    0.311939037
   11.917872759    0.344121610    0.317880443
   11.930470933    0.349814535    0.323728103
   11.943069107    0.355401372    0.329482865
   11.955667281    0.360882285    0.335145611
   11.968265455    0.366257563    0.340717248
   11.980863629    0.371527625    0.346198704
   11.993461804    0.376693030    0.351590929
   12.006059978    0.381754474    0.356894879
   12.018658152    0.386712799    0.362111525
   12.031256326    0.391568989    0.367241839
   12.043854500    0.396324171    0.372286796
   12.056452674    0.400979610    0.377247370
   12.069050849    0.405536710    0.382124533
   12.081649023    0.409997005    0.386919250
   12.094247197    0.414362153    0.391632481
   12.106845371    0.418633933    0.396265180
   12.119443545    0.422814232    0.400818291
   12.132041719    0.426905036    0.405292755
   12.144639893    0.430908425    0.409689504
   12.157238068    0.434826553    0.414009465
   12.169836242    0.438661643    0.418253560
   12.182434416    0.442415972    0.422422710
   12.195032590    0.446091855    0.426517832
   12.207630764    0.449691635    0.430539844
   12.220228938    0.453217664    0.434489665
   12.232827113    0.456672291    0.438368219
   12.245425287    0.460057848    0.442176434
   12.258023461    0.463376632    0.445915241
   12.270621635    0.466630894    0.449585583
   12.283219809    0.469822825    0.453188409
   12.295817983    0.472954540    0.456724678
   12.308416158    0.476028071    0.460195357
   12.321014332    0.479045356    0.463601426
   12.333612506    0.482008227    0.466943874
   12.346210680    0.484918407    0.470223700
   12.358808854    0.487777504    0.473441914
   12.371407028    0.490587007    0.476599536
   12.384005203    0.493348285    0.479697594
   12.396603377    0.496062591    0.482737125
   12.409201551    0.498731060    0.485719172
   12.421799725    0.501354719    0.488644784
   12.434397899    0.503934492    0.491515017
   12.446996073    0.506471205    0.494330927
   12.459594248    0.508965602    0.497093573
   12.472192422    0.511418349    0.499804017
   12.484790596    0.513830050    0.502463315
   12.497388770    0.516201258    0.505072524
   12.509986944    0.518532483    0.507632695
   12.522585118    0.520824211    0.510144874
   12.535183293    0.523076906    0.512610096
   12.547781467    0.525291028    0.515029391
   12.560379641    0.527467038    0.517403774
   12.572977815    0.529605409    0.519734250
   12.585575989    0.531706628    0.522021807
   12.598174163    0.533771203    0.524267419
   12.610772338    0.535799670    0.526472041
   12.623370512    0.537792588    0.528636611
   12.635968686    0.539750543    0.530762043
   12.648566860    0.541674147    0.532849234
   12.661165034    0.543564033    0.534899054
   12.673763208    0.545420852    0.536912350
   12.686361383    0.547245268    0.538889946
   12.698959557    0.549037955    0.540832639
   12.711557731    0.550799586    0.542741198
   12.724155905    0.552530831    0.544616370
   12.736754079    0.554232352    0.546458870
   12.749352253    0.555904792    0.548269389
   12.761950428    0.557548776    0.550048593
   12.774548602    0.559164901    0.551797120
   12.787146776    0.560753740    0.553515582
   12.799744950    0.562315831    0.555204568
   12.812343124    0.563851684    0.556864643
   12.824941298    0.565361773    0.558496350
   12.837539472    0.566846543    0.560100211
   12.850137647    0.568306409    0.561676729
   12.862735821    0.569741758    0.563226387
   12.875333995    0.571152954    0.564749655
   12.887932169    0.572540342    0.566246984
   12.900530343    0.573904251    0.567718817
   12.913128517    0.575244998    0.569165581
   12.925726692    0.576562894    0.570587694
   12.938324866    0.577858249    0.571985567
   12.950923040    0.579131374    0.573359601
   12.963521214    0.580382583    0.574710192
   12.976119388    0.581612200    0.576037730
   12.988717562    0.582820558    0.577342600
   13.001315737    0.584008001    0.578625184
   13.013913911    0.585174883    0.579885858
   13.026512085    0.586321572    0.581124997
   13.039110259    0.587448444    0.582342971
   13.051708433    0.588555881    0.583540147
   13.064306607    0.589644274    0.584716888
   13.076904782    0.590714014    0.585873555
   13.089502956    0.591765496    0.587010501
   13.102101130    0.592799106    0.588128077
   13.114699304    0.593815228    0.589226629
   13.127297478    0.594814233    0.590306496
   13.139895652    0.595796482    0.591368012
   13.152493827    0.596762320    0.592411505
   13.165092001    0.597712074    0.593437295
   13.177690175    0.598646056    0.594445695
   13.190288349    0.599564555    0.595437011
   13.202886523    0.600467845    0.596411544
   13.215484697    0.601356180    0.597369585
   13.228082872    0.602229797    0.598311418
   13.240681046    0.603088917    0.599237322
   13.253279220    0.603933748    0.600147567
   13.265877394    0.604764487    0.601042418
   13.278475568    0.605581322    0.601922134
   13.291073742    0.606384437    0.602786968
   13.303671917    0.607174010    0.603637167
   13.316270091    0.607950221    0.604472976
   13.328868265    0.608713251    0.605294631
   13.341466439    0.609463285    0.606102370
   13.354064613    0.610200512    0.606896422
   13.366662787    0.610925130    0.607677017
   13.379260962    0.611637342    0.608444379
   13.391859136    0.612337359    0.609198731
   13.404457310    0.613025397    0.609940293
   13.417055484    0.613701681    0.610669281
   13.429653658    0.614366437    0.611385910
   13.442251832    0.615019896    0.612090391
   13.454850006    0.615662289    0.612782934
   13.467448181    0.616293847    0.613463745
   13.480046355    0.616914798    0.614133026
   13.492644529    0.617525363    0.614790976
   13.505242703    0.618125758    0.615437792
   13.517840877    0.618716189    0.616073665
   13.530439051    0.619296852    0.616698783
   13.543037226    0.619867934    0.617313331
   13.555635400    0.620429608    0.617917488
   13.568233574    0.620982034    0.618511429
   13.580831748    0.621525364    0.619095327
   13.593429922    0.622059734    0.619669347
   13.606028096    0.622585275    0.620233653
   13.618626271    0.623102103    0.620788403
   13.631224445    0.623610331    0.621333752
   13.643822619    0.624110064    0.621869852
   13.656420793    0.624601404    0.622396850
   13.669018967    0.625084448    0.622914891
   13.681617141    0.625559296    0.623424116
   13.694215316    0.626026046    0.623924664
   13.706813490    0.626484800    0.624416671
   13.719411664    0.626935663    0.624900272
   13.732009838    0.627378744    0.625375599
   13.744608012    0.627814157    0.625842782
   13.757206186    0.628242022    0.626301949
   13.769804361    0.628662461    0.626753228
   13.782402535    0.629075605    0.627196744
   13.795000709    0.629481584    0.627632620
   13.807598883    0.629880533    0.628060979
   13.820197057    0.630272588    0.628481940
   13.832795231    0.630657885    0.628895624
   13.845393406    0.631036559    0.629302146
   13.857991580    0.631408743    0.629701622
   13.870589754    0.631774563    0.630094165
   13.883187928    0.632134144    0.630479884
   13.895786102    0.632487601    0.630858889
   13.908384276    0.632835045    0.631231286
   13.920982451    0.633176579    0.631597177
   13.933580625    0.633512296    0.631956664
   13.946178799    0.633842284    0.632309845
   13.958776973    0.634166623    0.632656815
   13.971375147    0.634485384    0.632997668
   13.983973321    0.634798636    0.633332495
   13.996571496    0.635106439    0.633661384
   14.009169670    0.635408850    0.633984420
   14.021767844    0.635705925    0.634301688
   14.034366018    0.635997716    0.634613269
   14.046964192    0.636284274    0.634919244
   14.059562366    0.636565653    0.635219690
   14.072160540    0.636841907    0.635514685
   14.084758715    0.637113092    0.635804303
   14.097356889    0.637379267    0.636088620
   14.109955063    0.637640493    0.636367707
   14.122553237    0.637896838    0.636641637
   14.135151411    0.638148370    0.636910481
   14.147749585    0.638395161    0.637174308
   14.160347760    0.638637285    0.637433189
   14.172945934    0.638874820    0.637687190
   14.185544108    0.639107842    0.637936379
   14.198142282    0.639336431    0.638180823
   14.210740456    0.639560664    0.638420586
   14.223338630    0.639780617    0.638655732
   14.235936805    0.639996364    0.638886325
   14.248534979    0.640207976    0.639112426
   14.261133153    0.640415520    0.639334095
   14.273731327    0.640619058    0.639551390
   14.286329501    0.640818650    0.639764370
   14.298927675    0.641014349    0.639973089
   14.311525850    0.641206202    0.640177602
   14.324124024    0.641394255    0.640377962
   14.336722198    0.641578546    0.640574219
   14.349320372    0.641759110    0.640766422
   14.361918546    0.641935981    0.640954620
   14.374516720    0.642109187    0.641138859
   14.387114895    0.642278756    0.641319184
   14.399713069    0.642444715    0.641495638
   14.412311243    0.642607088    0.641668264
   14.424909417    0.642765902    0.641837104
   14.437507591    0.642921183    0.642002197
   14.450105765    0.643072959    0.642163584
   14.462703940    0.643221258    0.642321302
   14.475302114    0.643366113    0.642475389
   14.487900288    0.643507556    0.642625883
   14.500498462    0.643645621    0.642772819
   14.513096636    0.643780346    0.642916233
   14.525694810    0.643911769    0.643056161
   14.538292985    0.644039929    0.643192637
   14.550891159    0.644164865    0.643325694
   14.563489333    0.644286619    0.643455367
   14.576087507    0.644405229    0.643581688
   14.588685681    0.644520734    0.643704688
   14.601283855    0.644633173    0.643824399
   14.613882030    0.644742581    0.643940852
   14.626480204    0.644848992    0.644054076
   14.639078378    0.644952437    0.644164101
   14.651676552    0.645052945    0.644270953
   14.664274726    0.645150541    0.644374659
   14.676872900    0.645245250    0.644475247
   14.689471075    0.645337091    0.644572740
   14.702069249    0.645426084    0.644667163
   14.714667423    0.645512243    0.644758538
   14.727265597    0.645595584    0.644846887
   14.739863771    0.645676118    0.644932232
   14.752461945    0.645753857    0.645014591
   14.765060119    0.645828812    0.645093985
   14.777658294    0.645900992    0.645170431
   14.790256468    0.645970407    0.645243946
   14.802854642    0.646037068    0.645314547
   14.815452816    0.646100985    0.645382249
   14.828050990    0.646162168    0.645447068
   14.840649164    0.646220629    0.645509017
   14.853247339    0.646276379    0.645568110
   14.865845513    0.646329432    0.645624361
   14.878443687    0.646379799    0.645677782
   14.891041861    0.646427494    0.645728385
   14.903640035    0.646472530    0.645776181
   14.916238209    0.646514921    0.645821182
   14.928836384    0.646554679    0.645863399
   14.941434558    0.646591817    0.645902840
   14.954032732    0.646626346    0.645939517
   14.966630906    0.646658278    0.645973437
   14.979229080    0.646687623    0.646004611
   14.991827254    0.646714390    0.646033045
   15.004425429    0.646738587    0.646058747
   15.017023603    0.646760221    0.646081725
   15.029621777    0.646779298    0.646101984
   15.042219951    0.646795823    0.646119531
   15.054818125    0.646809799    0.646134369
   15.067416299    0.646821231    0.646146503
   15.080014474    0.646830119    0.646155938
   15.092612648    0.646836467    0.646162675
   15.105210822    0.646840276    0.646166716
