    0.000000000    0.254092054    0.254090429
    0.031495435    0.254091792    0.254090403
    0.062990871    0.254091082    0.254090333
    0.094486306    0.254090131    0.254090239
    0.125981742    0.254089216    0.254090149
    0.157477177    0.254088601    0.254090089
    0.188972612    0.254088466    0.254090076
    0.220468048    0.254088851    0.254090113
    0.251963483    0.254089642    0.254090191
    0.283458919    0.254090611    0.254090286
    0.314954354    0.254091476    0.254090371
    0.346449789    0.254091984    0.254090421
    0.377945225    0.254091989    0.254090421
    0.409440660    0.254091489    0.254090372
    0.440936096    0.254090628    0.254090287
    0.472431531    0.254089658    0.254090191
    0.503926967    0.254088859    0.254090112
    0.535422402    0.254088465    0.254090073
    0.566917837    0.254088589    0.254090086
    0.598413273    0.254089196    0.254090145
    0.629908708    0.254090110    0.254090235
    0.661404144    0.254091064    0.254090328
    0.692899579    0.254091781    0.254090398
    0.724395014    0.254092053    0.254090424
    0.755890450    0.254091800    0.254090399
    0.787385885    0.254091096    0.254090329
    0.818881321    0.254090144    0.254090235
    0.850376756    0.254089222    0.254090144
    0.881872191    0.254088597    0.254090082
    0.913367627    0.254088451    0.254090068
    0.944863062    0.254088827    0.254090105
    0.976358498    0.254089615    0.254090182
    1.007853933    0.254090586    0.254090277
    1.039349368    0.254091459    0.254090362
    1.070844804    0.254091978    0.254090412
    1.102340239    0.254091993    0.254090413
    1.133835675    0.254091498    0.254090363
    1.165331110    0.254090638    0.254090278
    1.196826546    0.254089662    0.254090181
    1.228321981    0.254088852    0.254090101
    1.259817416    0.254088446    0.254090061
    1.291312852    0.254088560    0.254090072
    1.322808287    0.254089162    0.254090131
    1.354303723    0.254090077    0.254090220
    1.385799158    0.254091039    0.254090314
    1.417294593    0.254091768    0.254090385
    1.448790029    0.254092051    0.254090412
    1.480285464    0.254091806    0.254090386
    1.511780900    0.254091104    0.254090316
    1.543276335    0.254090147    0.254090221
    1.574771770    0.254089214    0.254090129
    1.606267206    0.254088575    0.254090065
    1.637762641    0.254088417    0.254090049
    1.669258077    0.254088786    0.254090085
    1.700753512    0.254089574    0.254090162
    1.732248947    0.254090552    0.254090258
    1.763744383    0.254091437    0.254090343
    1.795239818    0.254091969    0.254090394
    1.826735254    0.254091995    0.254090395
    1.858230689    0.254091505    0.254090346
    1.889726124    0.254090641    0.254090259
    1.921221560    0.254089654    0.254090161
    1.952716995    0.254088830    0.254090079
    1.984212431    0.254088408    0.254090037
    2.015707866    0.254088513    0.254090047
    2.047203302    0.254089112    0.254090106
    2.078698737    0.254090032    0.254090195
    2.110194172    0.254091006    0.254090290
    2.141689608    0.254091750    0.254090361
    2.173185043    0.254092047    0.254090388
    2.204680479    0.254091810    0.254090363
    2.236175914    0.254091106    0.254090292
    2.267671349    0.254090139    0.254090195
    2.299166785    0.254089191    0.254090101
    2.330662220    0.254088535    0.254090036
    2.362157656    0.254088363    0.254090018
    2.393653091    0.254088725    0.254090053
    2.425148526    0.254089516    0.254090130
    2.456643962    0.254090506    0.254090226
    2.488139397    0.254091407    0.254090313
    2.519634833    0.254091956    0.254090364
    2.551130268    0.254091993    0.254090365
    2.582625703    0.254091505    0.254090315
    2.614121139    0.254090634    0.254090227
    2.645616574    0.254089631    0.254090127
    2.677112010    0.254088787    0.254090043
    2.708607445    0.254088349    0.254089998
    2.740102881    0.254088442    0.254090007
    2.771598316    0.254089040    0.254090064
    2.803093751    0.254089970    0.254090154
    2.834589187    0.254090961    0.254090250
    2.866084622    0.254091724    0.254090322
    2.897580058    0.254092036    0.254090350
    2.929075493    0.254091806    0.254090324
    2.960570928    0.254091098    0.254090252
    2.992066364    0.254090117    0.254090153
    3.023561799    0.254089147    0.254090055
    3.055057235    0.254088470    0.254089987
    3.086552670    0.254088282    0.254089967
    3.118048105    0.254088638    0.254090001
    3.149543541    0.254089435    0.254090078
    3.181038976    0.254090441    0.254090174
    3.212534412    0.254091363    0.254090262
    3.244029847    0.254091931    0.254090315
    3.275525282    0.254091980    0.254090316
    3.307020718    0.254091493    0.254090264
    3.338516153    0.254090610    0.254090173
    3.370011589    0.254089586    0.254090070
    3.401507024    0.254088717    0.254089982
    3.433002459    0.254088257    0.254089935
    3.464497895    0.254088337    0.254089941
    3.495993330    0.254088936    0.254089997
    3.527488766    0.254089879    0.254090088
    3.558984201    0.254090892    0.254090184
    3.590479637    0.254091678    0.254090257
    3.621975072    0.254092008    0.254090285
    3.653470507    0.254091784    0.254090258
    3.684965943    0.254091069    0.254090182
    3.716461378    0.254090068    0.254090080
    3.747956814    0.254089071    0.254089978
    3.779452249    0.254088366    0.254089905
    3.810947684    0.254088158    0.254089882
    3.842443120    0.254088508    0.254089914
    3.873938555    0.254089313    0.254089989
    3.905433991    0.254090339    0.254090086
    3.936929426    0.254091286    0.254090174
    3.968424861    0.254091878    0.254090227
    3.999920297    0.254091940    0.254090226
    4.031415732    0.254091452    0.254090172
    4.062911168    0.254090551    0.254090077
    4.094406603    0.254089499    0.254089968
    4.125902038    0.254088598    0.254089874
    4.157397474    0.254088109    0.254089822
    4.188892909    0.254088175    0.254089824
    4.220388345    0.254088775    0.254089878
    4.251883780    0.254089733    0.254089967
    4.283379216    0.254090772    0.254090062
    4.314874651    0.254091586    0.254090135
    4.346370086    0.254091936    0.254090161
    4.377865522    0.254091717    0.254090130
    4.409360957    0.254090989    0.254090050
    4.440856393    0.254089960    0.254089940
    4.472351828    0.254088927    0.254089831
    4.503847263    0.254088186    0.254089751
    4.535342699    0.254087953    0.254089721
    4.566838134    0.254088293    0.254089748
    4.598333570    0.254089107    0.254089820
    4.629829005    0.254090156    0.254089914
    4.661324440    0.254091133    0.254090000
    4.692819876    0.254091751    0.254090050
    4.724315311    0.254091825    0.254090045
    4.755810747    0.254091330    0.254089983
    4.787306182    0.254090405    0.254089880
    4.818801617    0.254089314    0.254089761
    4.850297053    0.254088370    0.254089656
    4.881792488    0.254087845    0.254089594
    4.913287924    0.254087888    0.254089587
    4.944783359    0.254088486    0.254089634
    4.976278794    0.254089461    0.254089717
    5.007774230    0.254090528    0.254089808
    5.039269665    0.254091371    0.254089875
    5.070765101    0.254091740    0.254089894
    5.102260536    0.254091522    0.254089854
    5.133755972    0.254090774    0.254089762
    5.165251407    0.254089706    0.254089639
    5.196746842    0.254088622    0.254089514
    5.228242278    0.254087833    0.254089419
    5.259737713    0.254087563    0.254089375
    5.291233149    0.254087886    0.254089389
    5.322728584    0.254088705    0.254089450
    5.354224019    0.254089776    0.254089534
    5.385719455    0.254090782    0.254089610
    5.417214890    0.254091424    0.254089648
    5.448710326    0.254091506    0.254089629
    5.480205761    0.254090995    0.254089551
    5.511701196    0.254090031    0.254089428
    5.543196632    0.254088883    0.254089287
    5.574692067    0.254087877    0.254089159
    5.606187503    0.254087297    0.254089074
    5.637682938    0.254087305    0.254089046
    5.669178373    0.254087889    0.254089073
    5.700673809    0.254088874    0.254089138
    5.732169244    0.254089964    0.254089210
    5.763664680    0.254090831    0.254089258
    5.795160115    0.254091212    0.254089255
    5.826655550    0.254090982    0.254089190
    5.858150986    0.254090195    0.254089069
    5.889646421    0.254089064    0.254088913
    5.921141857    0.254087904    0.254088753
    5.952637292    0.254087039    0.254088622
    5.984132728    0.254086708    0.254088542
    6.015628163    0.254086993    0.254088521
    6.047123598    0.254087800    0.254088548
    6.078619034    0.254088880    0.254088598
    6.110114469    0.254089903    0.254088638
    6.141609905    0.254090554    0.254088636
    6.173105340    0.254090625    0.254088574
    6.204600775    0.254090074    0.254088446
    6.236096211    0.254089038    0.254088269
    6.267591646    0.254087797    0.254088068
    6.299087082    0.254086689    0.254087879
    6.330582517    0.254086014    0.254087731
    6.362077952    0.254085946    0.254087639
    6.393573388    0.254086481    0.254087602
    6.425068823    0.254087441    0.254087603
    6.456564259    0.254088518    0.254087609
    6.488059694    0.254089371    0.254087588
    6.519555129    0.254089718    0.254087511
    6.551050565    0.254089422    0.254087365
    6.582546000    0.254088532    0.254087156
    6.614041436    0.254087265    0.254086906
    6.645536871    0.254085950    0.254086647
    6.677032307    0.254084928    0.254086412
    6.708527742    0.254084454    0.254086227
    6.740023177    0.254084626    0.254086099
    6.771518613    0.254085350    0.254086018
    6.803014048    0.254086371    0.254085958
    6.834509484    0.254087344    0.254085884
    6.866004919    0.254087937    0.254085763
    6.897500354    0.254087921    0.254085574
    6.928995790    0.254087244    0.254085312
    6.960491225    0.254086043    0.254084991
    6.991986661    0.254084605    0.254084640
    7.023482096    0.254083284    0.254084294
    7.054977531    0.254082400    0.254083984
    7.086472967    0.254082144    0.254083727
    7.117968402    0.254082523    0.254083522
    7.149463838    0.254083355    0.254083351
    7.180959273    0.254084323    0.254083181
    7.212454708    0.254085066    0.254082975
    7.243950144    0.254085284    0.254082703
    7.275445579    0.254084824    0.254082351
    7.306941015    0.254083725    0.254081924
    7.338436450    0.254082210    0.254081443
    7.369931885    0.254080620    0.254080943
    7.401427321    0.254079314    0.254080458
    7.432922756    0.254078568    0.254080015
    7.464418192    0.254078490    0.254079621
    7.495913627    0.254078989    0.254079267
    7.527409063    0.254079803    0.254078925
    7.558904498    0.254080570    0.254078557
    7.590399933    0.254080932    0.254078128
    7.621895369    0.254080646    0.254077612
    7.653390804    0.254079644    0.254077005
    7.684886240    0.254078065    0.254076319
    7.716381675    0.254076207    0.254075584
    7.747877110    0.254074444    0.254074837
    7.779372546    0.254073120    0.254074110
    7.810867981    0.254072443    0.254073422
    7.842363417    0.254072428    0.254072771
    7.873858852    0.254072889    0.254072136
    7.905354287    0.254073492    0.254071482
    7.936849723    0.254073849    0.254070770
    7.968345158    0.254073633    0.254069965
    7.999840594    0.254072670    0.254069051
    8.031336029    0.254070994    0.254068029
    8.062831464    0.254068833    0.254066923
    8.094326900    0.254066548    0.254065768
    8.125822335    0.254064524    0.254064599
    8.157317771    0.254063064    0.254063444
    8.188813206    0.254062294    0.254062312
    8.220308642    0.254062126    0.254061190
    8.251804077    0.254062284    0.254060048
    8.283299512    0.254062380    0.254058845
    8.314794948    0.254062026    0.254057538
    8.346290383    0.254060945    0.254056100
    8.377785819    0.254059052    0.254054520
    8.409281254    0.254056481    0.254052811
    8.440776689    0.254053543    0.254051001
    8.472272125    0.254050639    0.254049128
    8.503767560    0.254048143    0.254047226
    8.535262996    0.254046290    0.254045312
    8.566758431    0.254045109    0.254043386
    8.598253866    0.254044410    0.254041422
    8.629749302    0.254043837    0.254039379
    8.661244737    0.254042969    0.254037212
    8.692740173    0.254041441    0.254034880
    8.724235608    0.254039047    0.254032360
    8.755731043    0.254035804    0.254029650
    8.787226479    0.254031941    0.254026770
    8.818721914    0.254027839    0.254023754
    8.850217350    0.254023914    0.254020638
    8.881712785    0.254020501    0.254017447
    8.913208220    0.254017749    0.254014190
    8.944703656    0.254015577    0.254010851
    8.976199091    0.254013695    0.254007391
    9.007694527    0.254011682    0.254003761
    9.039189962    0.254009109    0.253999911
    9.070685398    0.254005656    0.253995803
    9.102180833    0.254001207    0.253991419
    9.133676268    0.253995885    0.253986765
    9.165171704    0.253990008    0.253981865
    9.196667139    0.253984004    0.253976754
    9.228162575    0.253978281    0.253971461
    9.259658010    0.253973104    0.253966003
    9.291153445    0.253968519    0.253960371
    9.322648881    0.253964329    0.253954531
    9.354144316    0.253960151    0.253948433
    9.385639752    0.253955518    0.253942017
    9.417135187    0.253950013    0.253935229
    9.448630622    0.253943386    0.253928033
    9.480126058    0.253935623    0.253920414
    9.511621493    0.253926950    0.253912383
    9.543116929    0.253917761    0.253903965
    9.574612364    0.253908505    0.253895190
    9.606107799    0.253899551    0.253886075
    9.637603235    0.253891070    0.253876619
    9.669098670    0.253882987    0.253866792
    9.700594106    0.253874986    0.253856540
    9.732089541    0.253866600    0.253845796
    9.763584977    0.253857338    0.253834487
    9.795080412    0.253846818    0.253822556
    9.826575847    0.253834875    0.253809963
    9.858071283    0.253821603    0.253796695
    9.889566718    0.253807321    0.253782762
    9.921062154    0.253792478    0.253768181
    9.952557589    0.253777514    0.253752969
    9.984053024    0.253762724    0.253737121
   10.015548460    0.253748163    0.253720611
   10.047043895    0.253733617    0.253703381
   10.078539331    0.253718653    0.253685349
   10.110034766    0.253702734    0.253666426
   10.141530201    0.253685362    0.253646524
   10.173025637    0.253666208    0.253625572
   10.204521072    0.253645204    0.253603525
   10.236016508    0.253622547    0.253580361
   10.267511943    0.253598637    0.253556077
   10.299007378    0.253573944    0.253530673
   10.330502814    0.253548864    0.253504137
   10.361998249    0.253523585    0.253476433
   10.393493685    0.253498014    0.253447492
   10.424989120    0.253471790    0.253417216
   10.456484555    0.253444362    0.253385488
   10.487979991    0.253415133    0.253352182
   10.519475426    0.253383611    0.253317185
   10.550970862    0.253349537    0.253280401
   10.582466297    0.253312937    0.253241765
   10.613961733    0.253274100    0.253201231
   10.645457168    0.253233474    0.253158766
   10.676952603    0.253191514    0.253114329
   10.708448039    0.253148522    0.253067861
   10.739943474    0.253104540    0.253019268
   10.771438910    0.253059297    0.252968421
   10.802934345    0.253012263    0.252915161
   10.834429780    0.252962765    0.252859309
   10.865925216    0.252910150    0.252800688
   10.897420651    0.252853939    0.252739134
   10.928916087    0.252793936    0.252674506
   10.960411522    0.252730252    0.252606690
   10.991906957    0.252663234    0.252535588
   11.023402393    0.252593333    0.252461104
   11.054897828    0.252520931    0.252383126
   11.086393264    0.252446183    0.252301508
   11.117888699    0.252368926    0.252216064
   11.149384134    0.252288670    0.252126567
   11.180879570    0.252204689    0.252032759
   11.212375005    0.252116169    0.251934366
   11.243870441    0.252022389    0.251831116
   11.275365876    0.251922874    0.251722759
   11.306861312    0.251817471    0.251609063
   11.338356747    0.251706336    0.251489822
   11.369852182    0.251589826    0.251364833
   11.401347618    0.251468326    0.251233885
   11.432843053    0.251342066    0.251096733
   11.464338489    0.251210975    0.250953088
   11.495833924    0.251074612    0.250802608
   11.527329359    0.250932205    0.250644903
   11.558824795    0.250782781    0.250479550
   11.590320230    0.250625345    0.250306114
   11.621815666    0.250459074    0.250124161
   11.653311101    0.250283454    0.249933276
   11.684806536    0.250098324    0.249733064
   11.716301972    0.249903816    0.249523138
   11.747797407    0.249700205    0.249303104
   11.779292843    0.249487705    0.249072539
   11.810788278    0.249266279    0.248830965
   11.842283713    0.249035503    0.248577842
   11.873779149    0.248794544    0.248312561
   11.905274584    0.248542236    0.248034459
   11.936770020    0.248277258    0.247742830
   11.968265455    0.247998344    0.247436954
   11.999760890    0.247704477    0.247116110
   12.031256326    0.247395006    0.246779590
   12.062751761    0.247069648    0.246426691
   12.094247197    0.246728382    0.246056702
   12.125742632    0.246371245    0.245668880
   12.157238068    0.245998104    0.245262422
   12.188733503    0.245608463    0.244836445
   12.220228938    0.245201351    0.244389975
   12.251724374    0.244775340    0.243921948
   12.283219809    0.244328680    0.243431227
   12.314715245    0.243859518    0.242916622
   12.346210680    0.243366137    0.242376917
   12.377706115    0.242847146    0.241810886
   12.409201551    0.242301573    0.241217297
   12.440696986    0.241728813    0.240594900
   12.472192422    0.241128465    0.239942408
   12.503687857    0.240500081    0.239258457
   12.535183292    0.239842906    0.238541587
   12.566678728    0.239155685    0.237790209
   12.598174163    0.238436583    0.237002601
   12.629669599    0.237683258    0.236176918
   12.661165034    0.236893049    0.235311210
   12.692660469    0.236063249    0.234403453
   12.724155905    0.235191371    0.233451571
   12.755651340    0.234275335    0.232453453
   12.787146776    0.233313521    0.231406950
   12.818642211    0.232304657    0.230309856
   12.850137647    0.231247590    0.229159870
   12.881633082    0.230140971    0.227954557
   12.913128517    0.228982967    0.226691310
   12.944623953    0.227771064    0.225367327
   12.976119388    0.226502026    0.223979606
   13.007614824    0.225172026    0.222524962
   13.039110259    0.223776913    0.221000053
   13.070605694    0.222312541    0.219401424
   13.102101130    0.220775074    0.217725527
   13.133596565    0.219161169    0.215968737
   13.165092001    0.217467986    0.214127342
   13.196587436    0.215693000    0.212197506
   13.228082871    0.213833683    0.210175212
   13.259578307    0.211887107    0.208056210
   13.291073742    0.209849606    0.205835966
   13.322569178    0.207716567    0.203509627
   13.354064613    0.205482433    0.201072032
   13.385560048    0.203140910    0.198517733
   13.417055484    0.200685338    0.195841053
   13.448550919    0.198109122    0.193036140
   13.480046355    0.195406101    0.190097016
   13.511541790    0.192570757    0.187017595
   13.543037225    0.189598174    0.183791656
   13.574532661    0.186483760    0.180412768
   13.606028096    0.183222779    0.176874178
   13.637523532    0.179809817    0.173168655
   13.669018967    0.176238306    0.169288335
   13.700514403    0.172500262    0.165224563
   13.732009838    0.168586294    0.160967768
   13.763505273    0.164485930    0.156507379
   13.795000709    0.160188166    0.151831791
   13.826496144    0.155682135    0.146928368
   13.857991580    0.150957711    0.141783506
   13.889487015    0.146005881    0.136382711
   13.920982450    0.140818760    0.130710714
   13.952477886    0.135389196    0.124751597
   13.983973321    0.129709978    0.118488932
   14.015468757    0.123772785    0.111905937
   14.046964192    0.117567024    0.104985632
   14.078459627    0.111078769    0.097711010
   14.109955063    0.104289969    0.090065196
   14.141450498    0.097178064    0.082031594
   14.172945934    0.089716056    0.073594001
   14.204441369    0.081873036    0.064736666
   14.235936804    0.073615071    0.055444290
   14.267432240    0.064906352    0.045701955
   14.298927675    0.055710467    0.035494994
   14.330423111    0.045991701    0.024808820
   14.361918546    0.035716271    0.013628749
   14.393413981    0.024853439    0.001939861
   14.424909417    0.013376489   -0.010273072
   14.456404852    0.001263501   -0.023025542
   14.487900288   -0.011502096   -0.036333132
   14.519395723   -0.024931273   -0.050211212
   14.550891159   -0.039029529   -0.064674524
   14.582386594   -0.053797464   -0.079736686
   14.613882029   -0.069231839   -0.095409661
   14.645377465   -0.085327081   -0.111703255
   14.676872900   -0.102077123   -0.128624668
   14.708368336   -0.119477361   -0.146178151
   14.739863771   -0.137526451   -0.164364774
   14.771359206   -0.156227629   -0.183182304
   14.802854642   -0.175589267   -0.202625185
   14.834350077   -0.195624473   -0.222684586
   14.865845513   -0.216349653   -0.243348491
   14.897340948   -0.237782176   -0.264601809
   14.928836383   -0.259937371   -0.286426482
   14.960331819   -0.282825293   -0.308801588
   14.991827254   -0.306447695   -0.331703440
   15.023322690   -0.330795660   -0.355105687
   15.054818125   -0.355848239   -0.378979419
   15.086313560   -0.381572270   -0.403293285
   15.117808996   -0.407923348   -0.428013611
   15.149304431   -0.434847752   -0.453104519
   15.180799867   -0.462284948   -0.478528003
   15.212295302   -0.490170230   -0.504243982
   15.243790738   -0.518437071   -0.530210284
   15.275286173   -0.547018846   -0.556382586
   15.306781608   -0.575849732   -0.582714303
   15.338277044   -0.604864795   -0.609156481
   15.369772479   -0.633999419   -0.635657692
   15.401267915   -0.663188361   -0.662164013
   15.432763350   -0.692364776   -0.688619087
   15.464258785   -0.721459519   -0.714964309
   15.495754221   -0.750400935   -0.741139140
   15.527249656   -0.779115220   -0.767081521
   15.558745092   -0.807527292   -0.792728370
   15.590240527   -0.835561967   -0.818016104
   15.621735962   -0.863145202   -0.842881145
   15.653231398   -0.890205135   -0.867260367
   15.684726833   -0.916672713   -0.891091457
   15.716222269   -0.942481828   -0.914313171
   15.747717704   -0.967568964   -0.936865514
   15.779213139   -0.991872515   -0.958689844
   15.810708575   -1.015331970   -0.979728962
   15.842204010   -1.037887214   -0.999927192
   15.873699446   -1.059478135   -1.019230520
   15.905194881   -1.080044650   -1.037586762
   15.936690316   -1.099527176   -1.054945800
   15.968185752   -1.117867442   -1.071259851
   15.999681187   -1.135009475   -1.086483738
   16.031176623   -1.150900565   -1.100575156
   16.062672058   -1.165492025   -1.113494888
   16.094167494   -1.178739620   -1.125206960
   16.125662929   -1.190603648   -1.135678737
   16.157158364   -1.201048718   -1.144880971
   16.188653800   -1.210043370   -1.152787813
   16.220149235   -1.217559693   -1.159376821
   16.251644671   -1.223573100   -1.164628984
   16.283140106   -1.228062365   -1.168528781
   16.314635541   -1.231009952   -1.171064264
   16.346130977   -1.232402572   -1.172227181
   16.377626412   -1.232231855   -1.172013094
   16.409121848   -1.230494975   -1.170421483
   16.440617283   -1.227195081   -1.167455817
   16.472112718   -1.222341431   -1.163123558
   16.503608154   -1.215949197   -1.157436115
   16.535103589   -1.208038982   -1.150408734
   16.566599025   -1.198636178   -1.142060353
   16.598094460   -1.187770290   -1.132413433
   16.629589895   -1.175474396   -1.121493798
   16.661085331   -1.161784819   -1.109330483
   16.692580766   -1.146741075   -1.095955618
   16.724076202   -1.130386033   -1.081404341
   16.755571637   -1.112766194   -1.065714716
   16.787067073   -1.093931947   -1.048927673
   16.818562508   -1.073937645   -1.031086924
   16.850057943   -1.052841429   -1.012238869
   16.881553379   -1.030704732   -0.992432476
   16.913048814   -1.007591527   -0.971719153
   16.944544250   -0.983567419   -0.950152604
   16.976039685   -0.958698734   -0.927788707
   17.007535120   -0.933051751   -0.904685394
   17.039030556   -0.906692206   -0.880902565
   17.070525991   -0.879685124   -0.856501998
   17.102021427   -0.852094954   -0.831547252
   17.133516862   -0.823985936   -0.806103540
   17.165012297   -0.795422574   -0.780237515
   17.196507733   -0.766470087   -0.754016983
   17.228003168   -0.737194743   -0.727510500
   17.259498604   -0.707664037   -0.700786874
   17.290994039   -0.677946734   -0.673914592
   17.322489474   -0.648112850   -0.646961211
   17.353984910   -0.618233682   -0.619992759
   17.385480345   -0.588381947   -0.593073207
   17.416975781   -0.558632079   -0.566264041
   17.448471216   -0.529060611   -0.539623975
   17.479966651   -0.499746512   -0.513208805
   17.511462087   -0.470771282   -0.487071387
   17.542957522   -0.442218577   -0.461261713
   17.574452958   -0.414173191   -0.435827033
   17.605948393   -0.386719304   -0.410811983
   17.637443829   -0.359938045   -0.386258668
   17.668939264   -0.333904581   -0.362206683
   17.700434699   -0.308685053   -0.338693055
   17.731930135   -0.284333789   -0.315752117
   17.763425570   -0.260891215   -0.293415335
   17.794921006   -0.238382829   -0.271711118
   17.826416441   -0.216819427   -0.250664641
   17.857911876   -0.196198611   -0.230297716
   17.889407312   -0.176507374   -0.210628709
   17.920902747   -0.157725382   -0.191672521
   17.952398183   -0.139828465   -0.173440625
   17.983893618   -0.122791796   -0.155941137
   18.015389053   -0.106592308   -0.139178918
   18.046884489   -0.091210055   -0.123155692
   18.078379924   -0.076628399   -0.107870180
   18.109875360   -0.062833164   -0.093318249
   18.141370795   -0.049811034   -0.079493097
   18.172866230   -0.037547624   -0.066385481
   18.204361666   -0.026025678   -0.053984003
   18.235857101   -0.015223800   -0.042275454
   18.267352537   -0.005115987   -0.031245214
   18.298847972    0.004327927   -0.020877684
   18.330343408    0.013140995   -0.011156738
   18.361838843    0.021357284   -0.002066139
   18.393334278    0.029009741    0.006410091
   18.424829714    0.036128165    0.014287382
   18.456325149    0.042737619    0.021580422
   18.487820585    0.048857505    0.028303059
   18.519316020    0.054501410    0.034468292
   18.550811455    0.059677681    0.040088312
   18.582306891    0.064390566    0.045174591
   18.613802326    0.068641677    0.049737958
   18.645297762    0.072431511    0.053788661
   18.676793197    0.075760759    0.057336375
   18.708288632    0.078631227    0.060390161
   18.739784068    0.081046245    0.062958366
   18.771279503    0.083010579    0.065048485
   18.802774939    0.084529897    0.066666984
   18.834270374    0.085609969    0.067819130
   18.865765809    0.086255763    0.068508818
   18.897261245    0.086470632    0.068738444
   18.928756680    0.086255763    0.068508818
   18.960252116    0.085609969    0.067819130
   18.991747551    0.084529897    0.066666984
   19.023242986    0.083010579    0.065048485
   19.054738422    0.081046245    0.062958366
   19.086233857    0.078631227    0.060390161
   19.117729293    0.075760759    0.057336375
   19.149224728    0.072431511    0.053788661
   19.180720164    0.068641677    0.049737958
   19.212215599    0.064390566    0.045174591
   19.243711034    0.059677681    0.040088312
   19.275206470    0.054501410    0.034468292
   19.306701905    0.048857504    0.028303059
   19.338197341    0.042737619    0.021580421
   19.369692776    0.036128165    0.014287382
   19.401188211    0.029009741    0.006410091
   19.432683647    0.021357284   -0.002066139
   19.464179082    0.013140995   -0.011156739
   19.495674518    0.004327927   -0.020877684
   19.527169953   -0.005115987   -0.031245214
   19.558665388   -0.015223800   -0.042275454
   19.590160824   -0.026025678   -0.053984003
   19.621656259   -0.037547624   -0.066385481
   19.653151695   -0.049811035   -0.079493097
   19.684647130   -0.062833164   -0.093318249
   19.716142565   -0.076628399   -0.107870181
   19.747638001   -0.091210055   -0.123155693
   19.779133436   -0.106592309   -0.139178918
   19.810628872   -0.122791796   -0.155941137
   19.842124307   -0.139828466   -0.173440625
   19.873619743   -0.157725383   -0.191672521
   19.905115178   -0.176507374   -0.210628709
   19.936610613   -0.196198611   -0.230297716
   19.968106049   -0.216819427   -0.250664642
   19.999601484   -0.238382830   -0.271711118
   20.031096920   -0.260891216   -0.293415336
   20.062592355   -0.284333789   -0.315752118
   20.094087790   -0.308685054   -0.338693055
   20.125583226   -0.333904582   -0.362206683
   20.157078661   -0.359938046   -0.386258668
   20.188574097   -0.386719304   -0.410811984
   20.220069532   -0.414173192   -0.435827034
   20.251564967   -0.442218578   -0.461261714
   20.283060403   -0.470771282   -0.487071388
   20.314555838   -0.499746513   -0.513208806
   20.346051274   -0.529060612   -0.539623976
   20.377546709   -0.558632080   -0.566264041
   20.409042144   -0.588381948   -0.593073207
   20.440537580   -0.618233682   -0.619992760
   20.472033015   -0.648112851   -0.646961211
   20.503528451   -0.677946735   -0.673914593
   20.535023886   -0.707664038   -0.700786874
   20.566519321   -0.737194744   -0.727510500
   20.598014757   -0.766470088   -0.754016983
   20.629510192   -0.795422575   -0.780237516
   20.661005628   -0.823985937   -0.806103541
   20.692501063   -0.852094955   -0.831547253
   20.723996499   -0.879685125   -0.856501998
   20.755491934   -0.906692207   -0.880902566
   20.786987369   -0.933051751   -0.904685395
   20.818482805   -0.958698735   -0.927788708
   20.849978240   -0.983567420   -0.950152605
   20.881473676   -1.007591527   -0.971719153
   20.912969111   -1.030704732   -0.992432477
   20.944464546   -1.052841430   -1.012238870
   20.975959982   -1.073937646   -1.031086925
   21.007455417   -1.093931947   -1.048927674
   21.038950853   -1.112766195   -1.065714717
   21.070446288   -1.130386033   -1.081404341
   21.101941723   -1.146741076   -1.095955619
   21.133437159   -1.161784820   -1.109330483
   21.164932594   -1.175474397   -1.121493799
   21.196428030   -1.187770291   -1.132413434
   21.227923465   -1.198636178   -1.142060353
   21.259418900   -1.208038983   -1.150408735
   21.290914336   -1.215949198   -1.157436116
   21.322409771   -1.222341432   -1.163123559
   21.353905207   -1.227195082   -1.167455818
   21.385400642   -1.230494976   -1.170421484
   21.416896078   -1.232231856   -1.172013094
   21.448391513   -1.232402573   -1.172227182
   21.479886948   -1.231009953   -1.171064264
   21.511382384   -1.228062366   -1.168528781
   21.542877819   -1.223573101   -1.164628985
   21.574373255   -1.217559694   -1.159376822
   21.605868690   -1.210043371   -1.152787814
   21.637364125   -1.201048719   -1.144880972
   21.668859561   -1.190603648   -1.135678737
   21.700354996   -1.178739621   -1.125206960
   21.731850432   -1.165492026   -1.113494889
   21.763345867   -1.150900566   -1.100575157
   21.794841302   -1.135009476   -1.086483739
   21.826336738   -1.117867443   -1.071259852
   21.857832173   -1.099527177   -1.054945801
   21.889327609   -1.080044651   -1.037586762
   21.920823044   -1.059478136   -1.019230521
   21.952318479   -1.037887215   -0.999927193
   21.983813915   -1.015331970   -0.979728962
   22.015309350   -0.991872515   -0.958689845
   22.046804786   -0.967568965   -0.936865514
   22.078300221   -0.942481829   -0.914313172
   22.109795656   -0.916672714   -0.891091458
   22.141291092   -0.890205136   -0.867260368
   22.172786527   -0.863145203   -0.842881146
   22.204281963   -0.835561968   -0.818016105
   22.235777398   -0.807527293   -0.792728371
   22.267272834   -0.779115221   -0.767081521
   22.298768269   -0.750400935   -0.741139140
   22.330263704   -0.721459520   -0.714964310
   22.361759140   -0.692364777   -0.688619088
   22.393254575   -0.663188362   -0.662164014
   22.424750011   -0.633999420   -0.635657693
   22.456245446   -0.604864796   -0.609156481
   22.487740881   -0.575849733   -0.582714304
   22.519236317   -0.547018847   -0.556382586
   22.550731752   -0.518437072   -0.530210285
   22.582227188   -0.490170231   -0.504243983
   22.613722623   -0.462284949   -0.478528004
   22.645218058   -0.434847753   -0.453104519
   22.676713494   -0.407923349   -0.428013612
   22.708208929   -0.381572271   -0.403293286
   22.739704365   -0.355848240   -0.378979420
   22.771199800   -0.330795660   -0.355105688
   22.802695235   -0.306447696   -0.331703441
   22.834190671   -0.282825294   -0.308801589
   22.865686106   -0.259937372   -0.286426483
   22.897181542   -0.237782177   -0.264601810
   22.928676977   -0.216349654   -0.243348492
   22.960172413   -0.195624473   -0.222684587
   22.991667848   -0.175589268   -0.202625186
   23.023163283   -0.156227630   -0.183182305
   23.054658719   -0.137526452   -0.164364775
   23.086154154   -0.119477362   -0.146178153
   23.117649590   -0.102077124   -0.128624669
   23.149145025   -0.085327082   -0.111703256
   23.180640460   -0.069231840   -0.095409662
   23.212135896   -0.053797465   -0.079736687
   23.243631331   -0.039029530   -0.064674525
   23.275126767   -0.024931274   -0.050211213
   23.306622202   -0.011502097   -0.036333133
   23.338117637    0.001263500   -0.023025543
   23.369613073    0.013376488   -0.010273074
   23.401108508    0.024853438    0.001939860
   23.432603944    0.035716269    0.013628748
   23.464099379    0.045991700    0.024808819
   23.495594814    0.055710466    0.035494993
   23.527090250    0.064906351    0.045701954
   23.558585685    0.073615070    0.055444289
   23.590081121    0.081873035    0.064736665
   23.621576556    0.089716055    0.073594000
   23.653071991    0.097178063    0.082031593
   23.684567427    0.104289968    0.090065195
   23.716062862    0.111078768    0.097711009
   23.747558298    0.117567023    0.104985631
   23.779053733    0.123772784    0.111905936
   23.810549169    0.129709977    0.118488931
   23.842044604    0.135389195    0.124751596
   23.873540039    0.140818759    0.130710713
   23.905035475    0.146005880    0.136382710
   23.936530910    0.150957710    0.141783504
   23.968026346    0.155682134    0.146928367
   23.999521781    0.160188165    0.151831789
   24.031017216    0.164485929    0.156507378
   24.062512652    0.168586293    0.160967766
   24.094008087    0.172500261    0.165224561
   24.125503523    0.176238305    0.169288334
   24.156998958    0.179809816    0.173168654
   24.188494393    0.183222778    0.176874176
   24.219989829    0.186483758    0.180412767
   24.251485264    0.189598173    0.183791655
   24.282980700    0.192570756    0.187017594
   24.314476135    0.195406100    0.190097015
   24.345971570    0.198109121    0.193036139
   24.377467006    0.200685337    0.195841052
   24.408962441    0.203140909    0.198517732
   24.440457877    0.205482432    0.201072030
   24.471953312    0.207716566    0.203509626
   24.503448747    0.209849604    0.205835964
   24.534944183    0.211887106    0.208056209
   24.566439618    0.213833681    0.210175210
   24.597935054    0.215692999    0.212197504
   24.629430489    0.217467985    0.214127341
   24.660925925    0.219161168    0.215968736
   24.692421360    0.220775072    0.217725525
   24.723916795    0.222312539    0.219401423
   24.755412231    0.223776912    0.221000052
   24.786907666    0.225172025    0.222524960
   24.818403102    0.226502025    0.223979605
   24.849898537    0.227771063    0.225367326
   24.881393972    0.228982966    0.226691309
   24.912889408    0.230140970    0.227954556
   24.944384843    0.231247589    0.229159869
   24.975880279    0.232304656    0.230309855
   25.007375714    0.233313519    0.231406949
   25.038871149    0.234275334    0.232453451
   25.070366585    0.235191369    0.233451569
   25.101862020    0.236063247    0.234403452
   25.133357456    0.236893047    0.235311209
   25.164852891    0.237683257    0.236176917
   25.196348326    0.238436582    0.237002600
   25.227843762    0.239155683    0.237790207
   25.259339197    0.239842905    0.238541586
   25.290834633    0.240500080    0.239258456
   25.322330068    0.241128464    0.239942406
   25.353825504    0.241728812    0.240594899
   25.385320939    0.242301571    0.241217296
   25.416816374    0.242847145    0.241810885
   25.448311810    0.243366135    0.242376916
   25.479807245    0.243859517    0.242916620
   25.511302681    0.244328679    0.243431225
   25.542798116    0.244775338    0.243921947
   25.574293551    0.245201349    0.244389974
   25.605788987    0.245608462    0.244836444
   25.637284422    0.245998103    0.245262420
   25.668779858    0.246371243    0.245668878
   25.700275293    0.246728381    0.246056701
   25.731770728    0.247069647    0.246426690
   25.763266164    0.247395005    0.246779589
   25.794761599    0.247704476    0.247116109
   25.826257035    0.247998343    0.247436953
   25.857752470    0.248277256    0.247742829
   25.889247905    0.248542234    0.248034458
   25.920743341    0.248794542    0.248312560
   25.952238776    0.249035502    0.248577840
   25.983734212    0.249266278    0.248830964
   26.015229647    0.249487704    0.249072537
   26.046725082    0.249700203    0.249303103
   26.078220518    0.249903814    0.249523137
   26.109715953    0.250098322    0.249733063
   26.141211389    0.250283453    0.249933275
   26.172706824    0.250459073    0.250124160
   26.204202260    0.250625344    0.250306113
   26.235697695    0.250782780    0.250479549
   26.267193130    0.250932204    0.250644902
   26.298688566    0.251074611    0.250802607
   26.330184001    0.251210974    0.250953087
   26.361679437    0.251342065    0.251096732
   26.393174872    0.251468324    0.251233884
   26.424670307    0.251589824    0.251364832
   26.456165743    0.251706335    0.251489821
   26.487661178    0.251817470    0.251609062
   26.519156614    0.251922873    0.251722757
   26.550652049    0.252022388    0.251831115
   26.582147484    0.252116168    0.251934364
   26.613642920    0.252204688    0.252032758
   26.645138355    0.252288669    0.252126566
   26.676633791    0.252368925    0.252216063
   26.708129226    0.252446182    0.252301507
   26.739624661    0.252520930    0.252383125
   26.771120097    0.252593332    0.252461103
   26.802615532    0.252663233    0.252535587
   26.834110968    0.252730250    0.252606689
   26.865606403    0.252793935    0.252674505
   26.897101839    0.252853938    0.252739133
   26.928597274    0.252910149    0.252800687
   26.960092709    0.252962764    0.252859308
   26.991588145    0.253012262    0.252915160
   27.023083580    0.253059296    0.252968420
   27.054579016    0.253104539    0.253019267
   27.086074451    0.253148521    0.253067860
   27.117569886    0.253191512    0.253114328
   27.149065322    0.253233473    0.253158764
   27.180560757    0.253274099    0.253201230
   27.212056193    0.253312936    0.253241764
   27.243551628    0.253349536    0.253280400
   27.275047063    0.253383610    0.253317184
   27.306542499    0.253415132    0.253352181
   27.338037934    0.253444361    0.253385487
   27.369533370    0.253471789    0.253417215
   27.401028805    0.253498013    0.253447491
   27.432524240    0.253523584    0.253476432
   27.464019676    0.253548863    0.253504136
   27.495515111    0.253573943    0.253530672
   27.527010547    0.253598636    0.253556076
   27.558505982    0.253622546    0.253580360
   27.590001417    0.253645203    0.253603523
   27.621496853    0.253666207    0.253625571
   27.652992288    0.253685361    0.253646523
   27.684487724    0.253702733    0.253666425
   27.715983159    0.253718652    0.253685348
   27.747478595    0.253733616    0.253703380
   27.778974030    0.253748162    0.253720610
   27.810469465    0.253762723    0.253737120
   27.841964901    0.253777513    0.253752968
   27.873460336    0.253792477    0.253768180
   27.904955772    0.253807320    0.253782761
   27.936451207    0.253821602    0.253796694
   27.967946642    0.253834874    0.253809962
   27.999442078    0.253846817    0.253822555
   28.030937513    0.253857337    0.253834486
   28.062432949    0.253866599    0.253845795
   28.093928384    0.253874985    0.253856539
   28.125423819    0.253882986    0.253866791
   28.156919255    0.253891069    0.253876618
   28.188414690    0.253899550    0.253886074
   28.219910126    0.253908504    0.253895189
   28.251405561    0.253917760    0.253903964
   28.282900996    0.253926949    0.253912382
   28.314396432    0.253935622    0.253920413
   28.345891867    0.253943385    0.253928032
   28.377387303    0.253950012    0.253935228
   28.408882738    0.253955517    0.253942016
   28.440378174    0.253960150    0.253948432
   28.471873609    0.253964328    0.253954531
   28.503369044    0.253968518    0.253960370
   28.534864480    0.253973104    0.253966002
   28.566359915    0.253978280    0.253971460
   28.597855351    0.253984003    0.253976753
   28.629350786    0.253990007    0.253981864
   28.660846221    0.253995884    0.253986764
   28.692341657    0.254001206    0.253991419
   28.723837092    0.254005655    0.253995803
   28.755332528    0.254009108    0.253999911
   28.786827963    0.254011681    0.254003760
   28.818323398    0.254013694    0.254007390
   28.849818834    0.254015576    0.254010850
   28.881314269    0.254017748    0.254014189
   28.912809705    0.254020500    0.254017446
   28.944305140    0.254023913    0.254020637
   28.975800575    0.254027838    0.254023753
   29.007296011    0.254031940    0.254026770
   29.038791446    0.254035803    0.254029649
   29.070286882    0.254039046    0.254032359
   29.101782317    0.254041440    0.254034879
   29.133277752    0.254042968    0.254037211
   29.164773188    0.254043836    0.254039378
   29.196268623    0.254044409    0.254041421
   29.227764059    0.254045108    0.254043385
   29.259259494    0.254046289    0.254045312
   29.290754930    0.254048142    0.254047225
   29.322250365    0.254050638    0.254049127
   29.353745800    0.254053542    0.254051000
   29.385241236    0.254056480    0.254052810
   29.416736671    0.254059052    0.254054519
   29.448232107    0.254060944    0.254056099
   29.479727542    0.254062025    0.254057537
   29.511222977    0.254062379    0.254058844
   29.542718413    0.254062283    0.254060048
   29.574213848    0.254062125    0.254061189
   29.605709284    0.254062293    0.254062311
   29.637204719    0.254063063    0.254063443
   29.668700154    0.254064524    0.254064598
   29.700195590    0.254066547    0.254065767
   29.731691025    0.254068833    0.254066923
   29.763186461    0.254070993    0.254068028
   29.794681896    0.254072670    0.254069050
   29.826177331    0.254073632    0.254069964
   29.857672767    0.254073848    0.254070769
   29.889168202    0.254073491    0.254071481
   29.920663638    0.254072889    0.254072135
   29.952159073    0.254072427    0.254072770
   29.983654509    0.254072442    0.254073421
   30.015149944    0.254073119    0.254074109
   30.046645379    0.254074443    0.254074837
   30.078140815    0.254076206    0.254075584
   30.109636250    0.254078064    0.254076318
   30.141131686    0.254079644    0.254077004
   30.172627121    0.254080645    0.254077611
   30.204122556    0.254080932    0.254078127
   30.235617992    0.254080569    0.254078556
   30.267113427    0.254079802    0.254078924
   30.298608863    0.254078988    0.254079266
   30.330104298    0.254078489    0.254079620
   30.361599733    0.254078567    0.254080014
   30.393095169    0.254079314    0.254080457
   30.424590604    0.254080619    0.254080942
   30.456086040    0.254082210    0.254081443
   30.487581475    0.254083724    0.254081923
   30.519076910    0.254084823    0.254082351
   30.550572346    0.254085284    0.254082703
   30.582067781    0.254085066    0.254082974
   30.613563217    0.254084322    0.254083180
   30.645058652    0.254083354    0.254083351
   30.676554087    0.254082522    0.254083522
   30.708049523    0.254082143    0.254083726
   30.739544958    0.254082399    0.254083983
   30.771040394    0.254083283    0.254084293
   30.802535829    0.254084604    0.254084639
   30.834031265    0.254086042    0.254084990
   30.865526700    0.254087244    0.254085311
   30.897022135    0.254087920    0.254085573
   30.928517571    0.254087936    0.254085763
   30.960013006    0.254087344    0.254085883
   30.991508442    0.254086370    0.254085957
   31.023003877    0.254085349    0.254086017
   31.054499312    0.254084625    0.254086098
   31.085994748    0.254084454    0.254086226
   31.117490183    0.254084927    0.254086412
   31.148985619    0.254085949    0.254086646
   31.180481054    0.254087264    0.254086905
   31.211976489    0.254088531    0.254087156
   31.243471925    0.254089422    0.254087365
   31.274967360    0.254089717    0.254087510
   31.306462796    0.254089370    0.254087587
   31.337958231    0.254088518    0.254087609
   31.369453666    0.254087440    0.254087602
   31.400949102    0.254086481    0.254087602
   31.432444537    0.254085945    0.254087638
   31.463939973    0.254086013    0.254087730
   31.495435408    0.254086688    0.254087879
   31.526930844    0.254087797    0.254088068
   31.558426279    0.254089037    0.254088268
   31.589921714    0.254090073    0.254088446
   31.621417150    0.254090624    0.254088573
   31.652912585    0.254090554    0.254088636
   31.684408021    0.254089902    0.254088637
   31.715903456    0.254088879    0.254088597
   31.747398891    0.254087800    0.254088547
   31.778894327    0.254086993    0.254088520
   31.810389762    0.254086707    0.254088542
   31.841885198    0.254087039    0.254088622
   31.873380633    0.254087904    0.254088753
   31.904876068    0.254089063    0.254088912
   31.936371504    0.254090194    0.254089068
   31.967866939    0.254090982    0.254089189
   31.999362375    0.254091211    0.254089254
   32.030857810    0.254090830    0.254089257
   32.062353245    0.254089963    0.254089210
   32.093848681    0.254088874    0.254089138
   32.125344116    0.254087889    0.254089073
   32.156839552    0.254087304    0.254089046
   32.188334987    0.254087297    0.254089074
   32.219830422    0.254087877    0.254089159
   32.251325858    0.254088883    0.254089286
   32.282821293    0.254090030    0.254089427
   32.314316729    0.254090995    0.254089550
   32.345812164    0.254091505    0.254089629
   32.377307600    0.254091423    0.254089647
   32.408803035    0.254090782    0.254089609
   32.440298470    0.254089775    0.254089534
   32.471793906    0.254088704    0.254089449
   32.503289341    0.254087886    0.254089388
   32.534784777    0.254087562    0.254089374
   32.566280212    0.254087832    0.254089418
   32.597775647    0.254088622    0.254089514
   32.629271083    0.254089705    0.254089638
   32.660766518    0.254090773    0.254089762
   32.692261954    0.254091522    0.254089854
   32.723757389    0.254091740    0.254089894
   32.755252824    0.254091370    0.254089875
   32.786748260    0.254090527    0.254089808
   32.818243695    0.254089461    0.254089717
   32.849739131    0.254088485    0.254089634
   32.881234566    0.254087888    0.254089587
   32.912730001    0.254087844    0.254089593
   32.944225437    0.254088369    0.254089656
   32.975720872    0.254089313    0.254089760
   33.007216308    0.254090405    0.254089879
   33.038711743    0.254091330    0.254089983
   33.070207178    0.254091825    0.254090044
   33.101702614    0.254091750    0.254090049
   33.133198049    0.254091132    0.254090000
   33.164693485    0.254090155    0.254089914
   33.196188920    0.254089107    0.254089819
   33.227684356    0.254088293    0.254089747
   33.259179791    0.254087953    0.254089721
   33.290675226    0.254088186    0.254089751
   33.322170662    0.254088926    0.254089830
   33.353666097    0.254089960    0.254089940
   33.385161533    0.254090988    0.254090050
   33.416656968    0.254091716    0.254090130
   33.448152403    0.254091935    0.254090160
   33.479647839    0.254091585    0.254090134
   33.511143274    0.254090771    0.254090062
   33.542638710    0.254089733    0.254089966
   33.574134145    0.254088774    0.254089877
   33.605629580    0.254088174    0.254089823
   33.637125016    0.254088109    0.254089821
   33.668620451    0.254088597    0.254089874
   33.700115887    0.254089498    0.254089967
   33.731611322    0.254090551    0.254090076
   33.763106757    0.254091451    0.254090171
   33.794602193    0.254091940    0.254090226
   33.826097628    0.254091878    0.254090226
   33.857593064    0.254091286    0.254090174
   33.889088499    0.254090338    0.254090086
   33.920583935    0.254089312    0.254089989
   33.952079370    0.254088507    0.254089913
   33.983574805    0.254088158    0.254089882
   34.015070241    0.254088366    0.254089905
   34.046565676    0.254089070    0.254089977
   34.078061112    0.254090067    0.254090079
   34.109556547    0.254091068    0.254090182
   34.141051982    0.254091784    0.254090257
   34.172547418    0.254092008    0.254090284
   34.204042853    0.254091678    0.254090257
   34.235538289    0.254090891    0.254090183
   34.267033724    0.254089879    0.254090087
   34.298529159    0.254088936    0.254089997
   34.330024595    0.254088337    0.254089940
   34.361520030    0.254088256    0.254089934
   34.393015466    0.254088717    0.254089982
   34.424510901    0.254089585    0.254090069
   34.456006336    0.254090610    0.254090173
   34.487501772    0.254091493    0.254090264
   34.518997207    0.254091980    0.254090315
   34.550492643    0.254091931    0.254090314
   34.581988078    0.254091362    0.254090262
   34.613483513    0.254090440    0.254090174
   34.644978949    0.254089435    0.254090077
   34.676474384    0.254088638    0.254090001
   34.707969820    0.254088282    0.254089967
   34.739465255    0.254088470    0.254089987
   34.770960691    0.254089147    0.254090055
   34.802456126    0.254090117    0.254090152
   34.833951561    0.254091098    0.254090251
   34.865446997    0.254091805    0.254090324
   34.896942432    0.254092036    0.254090350
   34.928437868    0.254091724    0.254090322
   34.959933303    0.254090961    0.254090250
   34.991428738    0.254089970    0.254090154
   35.022924174    0.254089040    0.254090064
   35.054419609    0.254088442    0.254090006
   35.085915045    0.254088348    0.254089998
   35.117410480    0.254088787    0.254090042
   35.148905915    0.254089631    0.254090127
   35.180401351    0.254090633    0.254090227
   35.211896786    0.254091505    0.254090315
   35.243392222    0.254091992    0.254090365
   35.274887657    0.254091956    0.254090364
   35.306383092    0.254091407    0.254090312
   35.337878528    0.254090506    0.254090226
   35.369373963    0.254089516    0.254090130
   35.400869399    0.254088725    0.254090053
   35.432364834    0.254088363    0.254090018
   35.463860270    0.254088535    0.254090035
   35.495355705    0.254089190    0.254090101
   35.526851140    0.254090139    0.254090195
   35.558346576    0.254091106    0.254090292
   35.589842011    0.254091809    0.254090363
   35.621337447    0.254092047    0.254090388
   35.652832882    0.254091750    0.254090361
   35.684328317    0.254091006    0.254090289
   35.715823753    0.254090032    0.254090195
   35.747319188    0.254089112    0.254090105
   35.778814624    0.254088512    0.254090047
   35.810310059    0.254088408    0.254090037
   35.841805494    0.254088829    0.254090079
   35.873300930    0.254089653    0.254090161
   35.904796365    0.254090641    0.254090259
   35.936291801    0.254091504    0.254090345
   35.967787236    0.254091995    0.254090395
   35.999282671    0.254091969    0.254090394
   36.030778107    0.254091437    0.254090343
   36.062273542    0.254090552    0.254090257
   36.093768978    0.254089574    0.254090162
   36.125264413    0.254088786    0.254090085
   36.156759848    0.254088417    0.254090049
   36.188255284    0.254088575    0.254090065
   36.219750719    0.254089213    0.254090128
   36.251246155    0.254090147    0.254090221
   36.282741590    0.254091104    0.254090316
   36.314237026    0.254091806    0.254090386
   36.345732461    0.254092051    0.254090411
   36.377227896    0.254091768    0.254090385
   36.408723332    0.254091039    0.254090314
   36.440218767    0.254090077    0.254090220
   36.471714203    0.254089162    0.254090131
   36.503209638    0.254088560    0.254090072
   36.534705073    0.254088446    0.254090061
   36.566200509    0.254088852    0.254090101
   36.597695944    0.254089661    0.254090181
   36.629191380    0.254090638    0.254090278
   36.660686815    0.254091498    0.254090363
   36.692182250    0.254091993    0.254090413
   36.723677686    0.254091978    0.254090412
   36.755173121    0.254091459    0.254090362
   36.786668557    0.254090586    0.254090277
   36.818163992    0.254089615    0.254090182
   36.849659427    0.254088826    0.254090105
   36.881154863    0.254088451    0.254090068
   36.912650298    0.254088597    0.254090082
   36.944145734    0.254089221    0.254090144
   36.975641169    0.254090144    0.254090235
   37.007136605    0.254091095    0.254090329
   37.038632040    0.254091800    0.254090399
   37.070127475    0.254092053    0.254090424
   37.101622911    0.254091781    0.254090398
   37.133118346    0.254091064    0.254090328
   37.164613782    0.254090110    0.254090235
   37.196109217    0.254089196    0.254090145
   37.227604652    0.254088589    0.254090086
   37.259100088    0.254088465    0.254090073
   37.290595523    0.254088859    0.254090112
   37.322090959    0.254089658    0.254090191
   37.353586394    0.254090628    0.254090287
   37.385081829    0.254091489    0.254090372
   37.416577265    0.254091989    0.254090421
   37.448072700    0.254091984    0.254090421
   37.479568136    0.254091476    0.254090371
   37.511063571    0.254090611    0.254090286
   37.542559006    0.254089642    0.254090191
   37.574054442    0.254088851    0.254090113
   37.605549877    0.254088466    0.254090076
   37.637045313    0.254088601    0.254090089
   37.668540748    0.254089216    0.254090149
   37.700036183    0.254090131    0.254090239
   37.731531619    0.254091082    0.254090333
   37.763027054    0.254091792    0.254090403
