    0.000000000    0.423810545    0.423805984
    0.018897261    0.423810427    0.423805960
    0.037794522    0.423810084    0.423805892
    0.056691784    0.423809548    0.423805782
    0.075589045    0.423808869    0.423805634
    0.094486306    0.423808108    0.423805456
    0.113383567    0.423807333    0.423805253
    0.132280829    0.423806610    0.423805033
    0.151178090    0.423805999    0.423804802
    0.170075351    0.423805544    0.423804563
    0.188972612    0.423805272    0.423804320
    0.207869874    0.423805186    0.423804072
    0.226767135    0.423805270    0.423803818
    0.245664396    0.423805487    0.423803554
    0.264561657    0.423805781    0.423803274
    0.283458919    0.423806090    0.423802972
    0.302356180    0.423806345    0.423802641
    0.321253441    0.423806479    0.423802273
    0.340150702    0.423806438    0.423801863
    0.359047964    0.423806181    0.423801407
    0.377945225    0.423805687    0.423800903
    0.396842486    0.423804958    0.423800350
    0.415739747    0.423804017    0.423799751
    0.434637009    0.423802907    0.423799110
    0.453534270    0.423801684    0.423798432
    0.472431531    0.423800415    0.423797724
    0.491328792    0.423799167    0.423796992
    0.510226054    0.423798005    0.423796243
    0.529123315    0.423796980    0.423795482
    0.548020576    0.423796126    0.423794710
    0.566917837    0.423795457    0.423793930
    0.585815099    0.423794965    0.423793141
    0.604712360    0.423794620    0.423792338
    0.623609621    0.423794374    0.423791516
    0.642506882    0.423794165    0.423790669
    0.661404144    0.423793926    0.423789790
    0.680301405    0.423793588    0.423788871
    0.699198666    0.423793088    0.423787905
    0.718095927    0.423792379    0.423786887
    0.736993189    0.423791430    0.423785814
    0.755890450    0.423790234    0.423784684
    0.774787711    0.423788803    0.423783499
    0.793684972    0.423787173    0.423782261
    0.812582234    0.423785396    0.423780976
    0.831479495    0.423783534    0.423779648
    0.850376756    0.423781658    0.423778285
    0.869274017    0.423779834    0.423776893
    0.888171279    0.423778120    0.423775476
    0.907068540    0.423776559    0.423774039
    0.925965801    0.423775173    0.423772583
    0.944863062    0.423773965    0.423771106
    0.963760323    0.423772912    0.423769607
    0.982657585    0.423771973    0.423768081
    1.001554846    0.423771090    0.423766520
    1.020452107    0.423770196    0.423764916
    1.039349368    0.423769218    0.423763263
    1.058246630    0.423768090    0.423761552
    1.077143891    0.423766755    0.423759777
    1.096041152    0.423765174    0.423757934
    1.114938413    0.423763327    0.423756018
    1.133835675    0.423761218    0.423754031
    1.152732936    0.423758874    0.423751973
    1.171630197    0.423756338    0.423749850
    1.190527458    0.423753671    0.423747664
    1.209424720    0.423750942    0.423745424
    1.228321981    0.423748220    0.423743134
    1.247219242    0.423745570    0.423740799
    1.266116503    0.423743041    0.423738424
    1.285013765    0.423740666    0.423736011
    1.303911026    0.423738457    0.423733559
    1.322808287    0.423736400    0.423731065
    1.341705548    0.423734463    0.423728526
    1.360602810    0.423732591    0.423725932
    1.379500071    0.423730719    0.423723278
    1.398397332    0.423728774    0.423720553
    1.417294593    0.423726684    0.423717749
    1.436191855    0.423724385    0.423714858
    1.455089116    0.423721827    0.423711875
    1.473986377    0.423718981    0.423708793
    1.492883638    0.423715838    0.423705612
    1.511780900    0.423712416    0.423702331
    1.530678161    0.423708751    0.423698952
    1.549575422    0.423704899    0.423695480
    1.568472683    0.423700925    0.423691920
    1.587369945    0.423696901    0.423688276
    1.606267206    0.423692895    0.423684554
    1.625164467    0.423688965    0.423680758
    1.644061728    0.423685152    0.423676889
    1.662958990    0.423681477    0.423672947
    1.681856251    0.423677936    0.423668929
    1.700753512    0.423674503    0.423664831
    1.719650773    0.423671131    0.423660645
    1.738548035    0.423667755    0.423656362
    1.757445296    0.423664302    0.423651971
    1.776342557    0.423660694    0.423647464
    1.795239818    0.423656860    0.423642829
    1.814137079    0.423652741    0.423638059
    1.833034341    0.423648296    0.423633146
    1.851931602    0.423643504    0.423628087
    1.870828863    0.423638371    0.423622878
    1.889726124    0.423632925    0.423617521
    1.908623386    0.423627213    0.423612016
    1.927520647    0.423621300    0.423606368
    1.946417908    0.423615256    0.423600581
    1.965315169    0.423609152    0.423594658
    1.984212431    0.423603053    0.423588602
    2.003109692    0.423597008    0.423582415
    2.022006953    0.423591047    0.423576096
    2.040904214    0.423585177    0.423569640
    2.059801476    0.423579378    0.423563043
    2.078698737    0.423573609    0.423556296
    2.097595998    0.423567809    0.423549387
    2.116493259    0.423561902    0.423542306
    2.135390521    0.423555808    0.423535039
    2.154287782    0.423549446    0.423527574
    2.173185043    0.423542747    0.423519900
    2.192082304    0.423535655    0.423512007
    2.210979566    0.423528140    0.423503886
    2.229876827    0.423520192    0.423495532
    2.248774088    0.423511828    0.423486942
    2.267671349    0.423503087    0.423478116
    2.286568611    0.423494026    0.423469053
    2.305465872    0.423484716    0.423459756
    2.324363133    0.423475229    0.423450226
    2.343260394    0.423465635    0.423440464
    2.362157656    0.423455990    0.423430469
    2.381054917    0.423446332    0.423420240
    2.399952178    0.423436678    0.423409770
    2.418849439    0.423427017    0.423399052
    2.437746701    0.423417312    0.423388075
    2.456643962    0.423407505    0.423376825
    2.475541223    0.423397520    0.423365288
    2.494438484    0.423387270    0.423353447
    2.513335746    0.423376668    0.423341285
    2.532233007    0.423365630    0.423328786
    2.551130268    0.423354088    0.423315936
    2.570027529    0.423341995    0.423302722
    2.588924791    0.423329325    0.423289134
    2.607822052    0.423316081    0.423275162
    2.626719313    0.423302292    0.423260802
    2.645616574    0.423288006    0.423246050
    2.664513836    0.423273287    0.423230902
    2.683411097    0.423258209    0.423215357
    2.702308358    0.423242843    0.423199412
    2.721205619    0.423227253    0.423183062
    2.740102880    0.423211484    0.423166302
    2.759000142    0.423195560    0.423149122
    2.777897403    0.423179479    0.423131510
    2.796794664    0.423163209    0.423113450
    2.815691925    0.423146694    0.423094925
    2.834589187    0.423129856    0.423075914
    2.853486448    0.423112603    0.423056395
    2.872383709    0.423094836    0.423036345
    2.891280970    0.423076457    0.423015739
    2.910178232    0.423057381    0.422994557
    2.929075493    0.423037541    0.422972777
    2.947972754    0.423016894    0.422950381
    2.966870015    0.422995422    0.422927352
    2.985767277    0.422973139    0.422903678
    3.004664538    0.422950080    0.422879346
    3.023561799    0.422926301    0.422854347
    3.042459060    0.422901870    0.422828669
    3.061356322    0.422876859    0.422802305
    3.080253583    0.422851335    0.422775241
    3.099150844    0.422825348    0.422747466
    3.118048105    0.422798929    0.422718962
    3.136945367    0.422772079    0.422689710
    3.155842628    0.422744772    0.422659686
    3.174739889    0.422716952    0.422628864
    3.193637150    0.422688537    0.422597213
    3.212534412    0.422659426    0.422564701
    3.231431673    0.422629506    0.422531293
    3.250328934    0.422598660    0.422496956
    3.269226195    0.422566783    0.422461654
    3.288123457    0.422533781    0.422425355
    3.307020718    0.422499585    0.422388026
    3.325917979    0.422464155    0.422349638
    3.344815240    0.422427478    0.422310164
    3.363712502    0.422389572    0.422269580
    3.382609763    0.422350477    0.422227863
    3.401507024    0.422310250    0.422184988
    3.420404285    0.422268957    0.422140934
    3.439301547    0.422226662    0.422095677
    3.458198808    0.422183416    0.422049190
    3.477096069    0.422139252    0.422001443
    3.495993330    0.422094174    0.421952403
    3.514890592    0.422048155    0.421902032
    3.533787853    0.422001135    0.421850288
    3.552685114    0.421953024    0.421797124
    3.571582375    0.421903706    0.421742490
    3.590479636    0.421853049    0.421686335
    3.609376898    0.421800913    0.421628604
    3.628274159    0.421747158    0.421569243
    3.647171420    0.421691660    0.421508197
    3.666068681    0.421634314    0.421445413
    3.684965943    0.421575043    0.421380840
    3.703863204    0.421513803    0.421314430
    3.722760465    0.421450580    0.421246133
    3.741657726    0.421385388    0.421175906
    3.760554988    0.421318264    0.421103703
    3.779452249    0.421249258    0.421029478
    3.798349510    0.421178422    0.420953184
    3.817246771    0.421105801    0.420874772
    3.836144033    0.421031421    0.420794189
    3.855041294    0.420955282    0.420711376
    3.873938555    0.420877348    0.420626270
    3.892835816    0.420797550    0.420538802
    3.911733078    0.420715779    0.420448898
    3.930630339    0.420631899    0.420356479
    3.949527600    0.420545747    0.420261461
    3.968424861    0.420457145    0.420163758
    3.987322123    0.420365912    0.420063282
    4.006219384    0.420271875    0.419959943
    4.025116645    0.420174879    0.419853652
    4.044013906    0.420074797    0.419744322
    4.062911168    0.419971531    0.419631865
    4.081808429    0.419865022    0.419516195
    4.100705690    0.419755240    0.419397230
    4.119602951    0.419642185    0.419274884
    4.138500213    0.419525875    0.419149072
    4.157397474    0.419406337    0.419019708
    4.176294735    0.419283593    0.418886702
    4.195191996    0.419157649    0.418749957
    4.214089258    0.419028485    0.418609374
    4.232986519    0.418896046    0.418464844
    4.251883780    0.418760236    0.418316251
    4.270781041    0.418620915    0.418163474
    4.289678303    0.418477907    0.418006381
    4.308575564    0.418331000    0.417844838
    4.327472825    0.418179959    0.417678702
    4.346370086    0.418024538    0.417507828
    4.365267348    0.417864492    0.417332067
    4.384164609    0.417699588    0.417151270
    4.403061870    0.417529619    0.416965285
    4.421959131    0.417354409    0.416773961
    4.440856393    0.417173821    0.416577148
    4.459753654    0.416987754    0.416374696
    4.478650915    0.416796140    0.416166452
    4.497548176    0.416598938    0.415952265
    4.516445437    0.416396120    0.415731977
    4.535342699    0.416187660    0.415505427
    4.554239960    0.415973520    0.415272447
    4.573137221    0.415753634    0.415032862
    4.592034482    0.415527901    0.414786487
    4.610931744    0.415296173    0.414533125
    4.629829005    0.415058251    0.414272572
    4.648726266    0.414813888    0.414004612
    4.667623527    0.414562793    0.413729017
    4.686520789    0.414304638    0.413445555
    4.705418050    0.414039074    0.413153980
    4.724315311    0.413765741    0.412854047
    4.743212572    0.413484285    0.412545500
    4.762109834    0.413194374    0.412228084
    4.781007095    0.412895706    0.411901539
    4.799904356    0.412588016    0.411565605
    4.818801617    0.412271082    0.411220018
    4.837698879    0.411944723    0.410864512
    4.856596140    0.411608791    0.410498818
    4.875493401    0.411263158    0.410122661
    4.894390662    0.410907706    0.409735757
    4.913287924    0.410542308    0.409337815
    4.932185185    0.410166813    0.408928532
    4.951082446    0.409781030    0.408507591
    4.969979707    0.409384716    0.408074660
    4.988876969    0.408977568    0.407629394
    5.007774230    0.408559223    0.407171429
    5.026671491    0.408129256    0.406700388
    5.045568752    0.407687192    0.406215878
    5.064466014    0.407232514    0.405717495
    5.083363275    0.406764685    0.405204820
    5.102260536    0.406283159    0.404677429
    5.121157797    0.405787403    0.404134885
    5.140055059    0.405276910    0.403576747
    5.158952320    0.404751211    0.403002568
    5.177849581    0.404209882    0.402411895
    5.196746842    0.403652549    0.401804268
    5.215644104    0.403078875    0.401179220
    5.234541365    0.402488560    0.400536275
    5.253438626    0.401881318    0.399874945
    5.272335887    0.401256861    0.399194728
    5.291233149    0.400614879    0.398495105
    5.310130410    0.399955022    0.397775537
    5.329027671    0.399276878    0.397035465
    5.347924932    0.398579966    0.396274303
    5.366822193    0.397863721    0.395491445
    5.385719455    0.397127501    0.394686257
    5.404616716    0.396370585    0.393858085
    5.423513977    0.395592192    0.393006248
    5.442411238    0.394791491    0.392130050
    5.461308500    0.393967625    0.391228772
    5.480205761    0.393119734    0.390301684
    5.499103022    0.392246974    0.389348038
    5.518000283    0.391348534    0.388367077
    5.536897545    0.390423654    0.387358030
    5.555794806    0.389471624    0.386320117
    5.574692067    0.388491792    0.385252542
    5.593589328    0.387483548    0.384154499
    5.612486590    0.386446312    0.383025159
    5.631383851    0.385379514    0.381863676
    5.650281112    0.384282567    0.380669175
    5.669178373    0.383154841    0.379440755
    5.688075635    0.381995639    0.378177479
    5.706972896    0.380804174    0.376878375
    5.725870157    0.379579557    0.375542433
    5.744767418    0.378320783    0.374168603
    5.763664680    0.377026737    0.372755796
    5.782561941    0.375696201    0.371302886
    5.801459202    0.374327872    0.369808710
    5.820356463    0.372920386    0.368272075
    5.839253725    0.371472344    0.366691760
    5.858150986    0.369982346    0.365066520
    5.877048247    0.368449015    0.363395089
    5.895945508    0.366871025    0.361676186
    5.914842770    0.365247110    0.359908513
    5.933740031    0.363576082    0.358090756
    5.952637292    0.361856820    0.356221583
    5.971534553    0.360088260    0.354299639
    5.990431815    0.358269370    0.352323542
    6.009329076    0.356399125    0.350291871
    6.028226337    0.354476462    0.348203160
    6.047123598    0.352500249    0.346055882
    6.066020860    0.350469246    0.343848442
    6.084918121    0.348382071    0.341579162
    6.103815382    0.346237180    0.339246269
    6.122712643    0.344032854    0.336847884
    6.141609905    0.341767200    0.334382014
    6.160507166    0.339438162    0.331846542
    6.179404427    0.337043550    0.329239220
    6.198301688    0.334581076    0.326557669
    6.217198950    0.332048400    0.323799374
    6.236096211    0.329443176    0.320961688
    6.254993472    0.326763101    0.318041830
    6.273890733    0.324005958    0.315036894
    6.292787994    0.321169650    0.311943855
    6.311685256    0.318252218    0.308759574
    6.330582517    0.315251845    0.305480809
    6.349479778    0.312166841    0.302104227
    6.368377039    0.308995607    0.298626411
    6.387274301    0.305736587    0.295043873
    6.406171562    0.302388197    0.291353065
    6.425068823    0.298948748    0.287550395
    6.443966084    0.295416359    0.283632235
    6.462863346    0.291788867    0.279594936
    6.481760607    0.288063741    0.275434839
    6.500657868    0.284238006    0.271148291
    6.519555129    0.280308176    0.266731656
    6.538452391    0.276270206    0.262181322
    6.557349652    0.272119469    0.257493718
    6.576246913    0.267850742    0.252665317
    6.595144174    0.263458228    0.247692645
    6.614041436    0.258935590    0.242572283
    6.632938697    0.254276006    0.237300871
    6.651835958    0.249472248    0.231875103
    6.670733219    0.244516760    0.226291726
    6.689630481    0.239401763    0.220547527
    6.708527742    0.234119351    0.214639328
    6.727425003    0.228661602    0.208563972
    6.746322264    0.223020681    0.202318310
    6.765219526    0.217188943    0.195899188
    6.784116787    0.211159033    0.189303433
    6.803014048    0.204923976    0.182527847
    6.821911309    0.198477259    0.175569195
    6.840808571    0.191812911    0.168424206
    6.859705832    0.184925559    0.161089573
    6.878603093    0.177810489    0.153561957
    6.897500354    0.170463682    0.145838010
    6.916397616    0.162881840    0.137914385
    6.935294877    0.155062399    0.129787766
    6.954192138    0.147003518    0.121454899
    6.973089399    0.138704054    0.112912624
    6.991986661    0.130163513    0.104157916
    7.010883922    0.121381983    0.095187925
    7.029781183    0.112360037    0.086000013
    7.048678444    0.103098630    0.076591798
    7.067575706    0.093598962    0.066961190
    7.086472967    0.083862346    0.057106424
    7.105370228    0.073890050    0.047026092
    7.124267489    0.063683151    0.036719167
    7.143164751    0.053242395    0.026185022
    7.162062012    0.042568065    0.015423447
    7.180959273    0.031659882    0.004434655
    7.199856534    0.020516933   -0.006780712
    7.218753795    0.009137642   -0.018221581
    7.237651057   -0.002480221   -0.029886454
    7.256548318   -0.014339473   -0.041773411
    7.275445579   -0.026443415   -0.053880119
    7.294342840   -0.038795676   -0.066203838
    7.313240102   -0.051400022   -0.078741431
    7.332137363   -0.064260132   -0.091489372
    7.351034624   -0.077379349   -0.104443756
    7.369931885   -0.090760428   -0.117600302
    7.388829147   -0.104405290   -0.130954367
    7.407726408   -0.118314780   -0.144500947
    7.426623669   -0.132488474   -0.158234690
    7.445520930   -0.146924510   -0.172149898
    7.464418192   -0.161619481   -0.186240540
    7.483315453   -0.176568372   -0.200500260
    7.502212714   -0.191764568   -0.214922382
    7.521109975   -0.207199901   -0.229499925
    7.540007237   -0.222864766   -0.244225608
    7.558904498   -0.238748269   -0.259091865
    7.577801759   -0.254838410   -0.274090847
    7.596699020   -0.271122291   -0.289214432
    7.615596282   -0.287586330   -0.304454232
    7.634493543   -0.304216465   -0.319801591
    7.653390804   -0.320998349   -0.335247589
    7.672288065   -0.337917515   -0.350783038
    7.691185327   -0.354959498   -0.366398475
    7.710082588   -0.372109927   -0.382084159
    7.728979849   -0.389354571   -0.397830055
    7.747877110   -0.406679346   -0.413625834
    7.766774372   -0.424070280   -0.429460853
    7.785671633   -0.441513465   -0.445324156
    7.804568894   -0.458994973   -0.461204468
    7.823466155   -0.476500775   -0.477090188
    7.842363417   -0.494016653   -0.492969401
    7.861260678   -0.511528133   -0.508829882
    7.880157939   -0.529020426   -0.524659114
    7.899055200   -0.546478398   -0.540444306
    7.917952462   -0.563886573   -0.556172426
    7.936849723   -0.581229158   -0.571830226
    7.955746984   -0.598490101   -0.587404285
    7.974644245   -0.615653167   -0.602881042
    7.993541507   -0.632702032   -0.618246844
    8.012438768   -0.649620390   -0.633487980
    8.031336029   -0.666392055   -0.648590727
    8.050233290   -0.683001058   -0.663541386
    8.069130551   -0.699431726   -0.678326314
    8.088027813   -0.715668747   -0.692931958
    8.106925074   -0.731697203   -0.707344877
    8.125822335   -0.747502583   -0.721551765
    8.144719596   -0.763070762   -0.735539467
    8.163616858   -0.778387968   -0.749294989
    8.182514119   -0.793440724   -0.762805511
    8.201411380   -0.808215785   -0.776058390
    8.220308641   -0.822700062   -0.789041167
    8.239205903   -0.836880559   -0.801741577
    8.258103164   -0.850744314   -0.814147549
    8.277000425   -0.864278363   -0.826247220
    8.295897686   -0.877469714   -0.838028945
    8.314794948   -0.890305356   -0.849481310
    8.333692209   -0.902772281   -0.860593148
    8.352589470   -0.914857530   -0.871353560
    8.371486731   -0.926548264   -0.881751931
    8.390383993   -0.937831833   -0.891777960
    8.409281254   -0.948695867   -0.901421672
    8.428178515   -0.959128354   -0.910673448
    8.447075776   -0.969117721   -0.919524039
    8.465973038   -0.978652901   -0.927964589
    8.484870299   -0.987723381   -0.935986645
    8.503767560   -0.996319237   -0.943582174
    8.522664821   -1.004431148   -0.950743568
    8.541562083   -1.012050389   -0.957463655
    8.560459344   -1.019168818   -0.963735696
    8.579356605   -1.025778839   -0.969553395
    8.598253866   -1.031873372   -0.974910893
    8.617151128   -1.037445813   -0.979802771
    8.636048389   -1.042490001   -0.984224052
    8.654945650   -1.047000197   -0.988170196
    8.673842911   -1.050971072   -0.991637111
    8.692740173   -1.054397715   -0.994621151
    8.711637434   -1.057275645   -0.997119125
    8.730534695   -1.059600856   -0.999128305
    8.749431956   -1.061369853   -1.000646432
    8.768329218   -1.062579716   -1.001671729
    8.787226479   -1.063228151   -1.002202909
    8.806123740   -1.063313550   -1.002239185
    8.825021001   -1.062835040   -1.001780277
    8.843918263   -1.061792522   -1.000826418
    8.862815524   -1.060186699   -0.999378359
    8.881712785   -1.058019078   -0.997437367
    8.900610046   -1.055291966   -0.995005227
    8.919507308   -1.052008444   -0.992084229
    8.938404569   -1.048172327   -0.988677169
    8.957301830   -1.043788114   -0.984787333
    8.976199091   -1.038860933   -0.980418488
    8.995096352   -1.033396483   -0.975574866
    9.013993614   -1.027400978   -0.970261157
    9.032890875   -1.020881108   -0.964482488
    9.051788136   -1.013843993   -0.958244417
    9.070685397   -1.006297169   -0.951552922
    9.089582659   -0.998248577   -0.944414386
    9.108479920   -0.989706565   -0.936835594
    9.127377181   -0.980679907   -0.928823724
    9.146274442   -0.971177825   -0.920386340
    9.165171704   -0.961210016   -0.911531390
    9.184068965   -0.950786675   -0.902267198
    9.202966226   -0.939918521   -0.892602460
    9.221863487   -0.928616800   -0.882546238
    9.240760749   -0.916893288   -0.872107954
    9.259658010   -0.904760273   -0.861297381
    9.278555271   -0.892230520   -0.850124635
    9.297452532   -0.879317221   -0.838600168
    9.316349794   -0.866033942   -0.826734754
    9.335247055   -0.852394544   -0.814539477
    9.354144316   -0.838413114   -0.802025727
    9.373041577   -0.824103887   -0.789205182
    9.391938839   -0.809481172   -0.776089803
    9.410836100   -0.794559296   -0.762691824
    9.429733361   -0.779352547   -0.749023743
    9.448630622   -0.763875143   -0.735098316
    9.467527884   -0.748141209   -0.720928550
    9.486425145   -0.732164779   -0.706527698
    9.505322406   -0.715959801   -0.691909250
    9.524219667   -0.699540168   -0.677086924
    9.543116929   -0.682919743   -0.662074661
    9.562014190   -0.666112401   -0.646886602
    9.580911451   -0.649132064   -0.631537078
    9.599808712   -0.631992741   -0.616040584
    9.618705974   -0.614708550   -0.600411754
    9.637603235   -0.597293749   -0.584665328
    9.656500496   -0.579762743   -0.568816114
    9.675397757   -0.562130094   -0.552878951
    9.694295019   -0.544410521   -0.536868660
    9.713192280   -0.526618896   -0.520800000
    9.732089541   -0.508770238   -0.504687621
    9.750986802   -0.490879713   -0.488546015
    9.769884064   -0.472962640   -0.472389473
    9.788781325   -0.455034497   -0.456232038
    9.807678586   -0.437110945   -0.440087475
    9.826575847   -0.419207853   -0.423969232
    9.845473108   -0.401341333   -0.407890419
    9.864370370   -0.383527776   -0.391863787
    9.883267631   -0.365783887   -0.375901714
    9.902164892   -0.348126708   -0.360016203
    9.921062153   -0.330573632   -0.344218878
    9.939959415   -0.313142391   -0.328520988
    9.958856676   -0.295851017   -0.312933415
    9.977753937   -0.278717774   -0.297466683
    9.996651198   -0.261761050   -0.282130971
   10.015548460   -0.244999218   -0.266936114
   10.034445721   -0.228450460   -0.251891622
   10.053342982   -0.212132561   -0.237006676
   10.072240243   -0.196062682   -0.222290134
   10.091137505   -0.180257117   -0.207750531
   10.110034766   -0.164731057   -0.193396070
   10.128932027   -0.149498345   -0.179234617
   10.147829288   -0.134571278   -0.165273689
   10.166726550   -0.119960420   -0.151520443
   10.185623811   -0.105674479   -0.137981658
   10.204521072   -0.091720224   -0.124663723
   10.223418333   -0.078102469   -0.111572624
   10.242315595   -0.064824114   -0.098713931
   10.261212856   -0.051886248   -0.086092786
   10.280110117   -0.039288308   -0.073713896
   10.299007378   -0.027028282   -0.061581527
   10.317904640   -0.015102951   -0.049699503
   10.336801901   -0.003508155   -0.038071204
   10.355699162    0.007760938   -0.026699566
   10.374596423    0.018709561   -0.015587092
   10.393493685    0.029343102   -0.004735849
   10.412390946    0.039666888    0.005852518
   10.431288207    0.049686014    0.016176781
   10.450185468    0.059405223    0.026236121
   10.469082730    0.068828830    0.036030117
   10.487979991    0.077960717    0.045558738
   10.506877252    0.086804361    0.054822332
   10.525774513    0.095362920    0.063821616
   10.544671775    0.103639347    0.072557657
   10.563569036    0.111636526    0.081031868
   10.582466297    0.119357425    0.089245980
   10.601363558    0.126805245    0.097202031
   10.620260820    0.133983554    0.104902338
   10.639158081    0.140896399    0.112349475
   10.658055342    0.147548379    0.119546247
   10.676952603    0.153944692    0.126495653
   10.695849865    0.160091124    0.133200861
   10.714747126    0.165994005    0.139665169
   10.733644387    0.171660127    0.145891973
   10.752541648    0.177096621    0.151884733
   10.771438909    0.182310813    0.157646938
   10.790336171    0.187310065    0.163182076
   10.809233432    0.192101605    0.168493607
   10.828130693    0.196692364    0.173584935
   10.847027954    0.201088822    0.178459391
   10.865925216    0.205296887    0.183120215
   10.884822477    0.209321789    0.187570545
   10.903719738    0.213168022    0.191813410
   10.922616999    0.216839308    0.195851727
   10.941514261    0.220338612    0.199688299
   10.960411522    0.223668178    0.203325824
   10.979308783    0.226829607    0.206766896
   10.998206044    0.229823949    0.210014014
   11.017103306    0.232651818    0.213069588
   11.036000567    0.235313512    0.215935944
   11.054897828    0.237809139    0.218615335
   11.073795089    0.240138732    0.221109938
   11.092692351    0.242302351    0.223421860
   11.111589612    0.244300169    0.225553132
   11.130486873    0.246132532    0.227505708
   11.149384134    0.247799999    0.229281457
   11.168281396    0.249303346    0.230882152
   11.187178657    0.250643556    0.232309459
   11.206075918    0.251821781    0.233564925
   11.224973179    0.252839287    0.234649960
   11.243870441    0.253697389    0.235565825
   11.262767702    0.254397372    0.236313619
   11.281664963    0.254940417    0.236894258
   11.300562224    0.255327530    0.237308470
   11.319459486    0.255559477    0.237556785
   11.338356747    0.255636738    0.237639521
   11.357254008    0.255559477    0.237556785
   11.376151269    0.255327530    0.237308470
   11.395048531    0.254940417    0.236894258
   11.413945792    0.254397372    0.236313619
   11.432843053    0.253697389    0.235565825
   11.451740314    0.252839287    0.234649960
   11.470637576    0.251821781    0.233564925
   11.489534837    0.250643556    0.232309459
   11.508432098    0.249303346    0.230882152
   11.527329359    0.247799999    0.229281457
   11.546226621    0.246132532    0.227505708
   11.565123882    0.244300169    0.225553132
   11.584021143    0.242302351    0.223421860
   11.602918404    0.240138732    0.221109938
   11.621815665    0.237809139    0.218615335
   11.640712927    0.235313512    0.215935944
   11.659610188    0.232651818    0.213069588
   11.678507449    0.229823949    0.210014014
   11.697404710    0.226829607    0.206766896
   11.716301972    0.223668178    0.203325824
   11.735199233    0.220338612    0.199688299
   11.754096494    0.216839308    0.195851727
   11.772993755    0.213168022    0.191813410
   11.791891017    0.209321790    0.187570545
   11.810788278    0.205296887    0.183120215
   11.829685539    0.201088822    0.178459391
   11.848582800    0.196692364    0.173584935
   11.867480062    0.192101606    0.168493607
   11.886377323    0.187310065    0.163182076
   11.905274584    0.182310813    0.157646938
   11.924171845    0.177096621    0.151884733
   11.943069107    0.171660127    0.145891973
   11.961966368    0.165994005    0.139665169
   11.980863629    0.160091124    0.133200861
   11.999760890    0.153944692    0.126495653
   12.018658152    0.147548379    0.119546247
   12.037555413    0.140896399    0.112349475
   12.056452674    0.133983555    0.104902338
   12.075349935    0.126805245    0.097202031
   12.094247197    0.119357425    0.089245980
   12.113144458    0.111636526    0.081031868
   12.132041719    0.103639347    0.072557658
   12.150938980    0.095362921    0.063821616
   12.169836242    0.086804361    0.054822333
   12.188733503    0.077960717    0.045558738
   12.207630764    0.068828830    0.036030117
   12.226528025    0.059405223    0.026236121
   12.245425287    0.049686015    0.016176781
   12.264322548    0.039666888    0.005852518
   12.283219809    0.029343102   -0.004735849
   12.302117070    0.018709561   -0.015587092
   12.321014332    0.007760938   -0.026699566
   12.339911593   -0.003508155   -0.038071204
   12.358808854   -0.015102951   -0.049699503
   12.377706115   -0.027028282   -0.061581527
   12.396603377   -0.039288308   -0.073713895
   12.415500638   -0.051886248   -0.086092786
   12.434397899   -0.064824113   -0.098713931
   12.453295160   -0.078102469   -0.111572624
   12.472192422   -0.091720224   -0.124663723
   12.491089683   -0.105674479   -0.137981657
   12.509986944   -0.119960420   -0.151520443
   12.528884205   -0.134571277   -0.165273689
   12.547781466   -0.149498345   -0.179234617
   12.566678728   -0.164731056   -0.193396069
   12.585575989   -0.180257117   -0.207750531
   12.604473250   -0.196062681   -0.222290134
   12.623370511   -0.212132561   -0.237006676
   12.642267773   -0.228450460   -0.251891622
   12.661165034   -0.244999218   -0.266936114
   12.680062295   -0.261761050   -0.282130970
   12.698959556   -0.278717774   -0.297466683
   12.717856818   -0.295851017   -0.312933414
   12.736754079   -0.313142391   -0.328520987
   12.755651340   -0.330573632   -0.344218878
   12.774548601   -0.348126707   -0.360016203
   12.793445863   -0.365783886   -0.375901714
   12.812343124   -0.383527776   -0.391863787
   12.831240385   -0.401341332   -0.407890419
   12.850137646   -0.419207853   -0.423969232
   12.869034908   -0.437110945   -0.440087475
   12.887932169   -0.455034497   -0.456232038
   12.906829430   -0.472962640   -0.472389473
   12.925726691   -0.490879713   -0.488546015
   12.944623953   -0.508770237   -0.504687621
   12.963521214   -0.526618896   -0.520800000
   12.982418475   -0.544410521   -0.536868659
   13.001315736   -0.562130094   -0.552878951
   13.020212998   -0.579762742   -0.568816114
   13.039110259   -0.597293748   -0.584665328
   13.058007520   -0.614708550   -0.600411754
   13.076904781   -0.631992740   -0.616040584
   13.095802043   -0.649132064   -0.631537077
   13.114699304   -0.666112401   -0.646886602
   13.133596565   -0.682919743   -0.662074661
   13.152493826   -0.699540168   -0.677086924
   13.171391088   -0.715959801   -0.691909249
   13.190288349   -0.732164779   -0.706527698
   13.209185610   -0.748141209   -0.720928550
   13.228082871   -0.763875142   -0.735098316
   13.246980133   -0.779352547   -0.749023743
   13.265877394   -0.794559296   -0.762691824
   13.284774655   -0.809481172   -0.776089803
   13.303671916   -0.824103887   -0.789205182
   13.322569178   -0.838413114   -0.802025727
   13.341466439   -0.852394544   -0.814539477
   13.360363700   -0.866033942   -0.826734754
   13.379260961   -0.879317221   -0.838600169
   13.398158223   -0.892230520   -0.850124636
   13.417055484   -0.904760273   -0.861297381
   13.435952745   -0.916893288   -0.872107954
   13.454850006   -0.928616800   -0.882546239
   13.473747267   -0.939918521   -0.892602461
   13.492644529   -0.950786676   -0.902267198
   13.511541790   -0.961210016   -0.911531390
   13.530439051   -0.971177825   -0.920386340
   13.549336312   -0.980679907   -0.928823724
   13.568233574   -0.989706565   -0.936835594
   13.587130835   -0.998248577   -0.944414386
   13.606028096   -1.006297169   -0.951552922
   13.624925357   -1.013843993   -0.958244418
   13.643822619   -1.020881108   -0.964482488
   13.662719880   -1.027400979   -0.970261157
   13.681617141   -1.033396483   -0.975574867
   13.700514402   -1.038860934   -0.980418488
   13.719411664   -1.043788115   -0.984787333
   13.738308925   -1.048172328   -0.988677169
   13.757206186   -1.052008445   -0.992084229
   13.776103447   -1.055291966   -0.995005227
   13.795000709   -1.058019078   -0.997437368
   13.813897970   -1.060186699   -0.999378359
   13.832795231   -1.061792523   -1.000826418
   13.851692492   -1.062835040   -1.001780277
   13.870589754   -1.063313551   -1.002239185
   13.889487015   -1.063228152   -1.002202910
   13.908384276   -1.062579717   -1.001671730
   13.927281537   -1.061369854   -1.000646433
   13.946178799   -1.059600856   -0.999128306
   13.965076060   -1.057275646   -0.997119126
   13.983973321   -1.054397715   -0.994621152
   14.002870582   -1.050971073   -0.991637111
   14.021767844   -1.047000197   -0.988170197
   14.040665105   -1.042490002   -0.984224052
   14.059562366   -1.037445814   -0.979802772
   14.078459627   -1.031873373   -0.974910894
   14.097356889   -1.025778840   -0.969553396
   14.116254150   -1.019168819   -0.963735697
   14.135151411   -1.012050390   -0.957463655
   14.154048672   -1.004431149   -0.950743569
   14.172945934   -0.996319238   -0.943582175
   14.191843195   -0.987723382   -0.935986646
   14.210740456   -0.978652902   -0.927964590
   14.229637717   -0.969117722   -0.919524040
   14.248534979   -0.959128355   -0.910673449
   14.267432240   -0.948695868   -0.901421673
   14.286329501   -0.937831834   -0.891777961
   14.305226762   -0.926548265   -0.881751932
   14.324124023   -0.914857531   -0.871353561
   14.343021285   -0.902772282   -0.860593149
   14.361918546   -0.890305357   -0.849481311
   14.380815807   -0.877469715   -0.838028946
   14.399713068   -0.864278364   -0.826247221
   14.418610330   -0.850744315   -0.814147550
   14.437507591   -0.836880560   -0.801741578
   14.456404852   -0.822700063   -0.789041168
   14.475302113   -0.808215787   -0.776058391
   14.494199375   -0.793440726   -0.762805512
   14.513096636   -0.778387969   -0.749294991
   14.531993897   -0.763070763   -0.735539468
   14.550891158   -0.747502584   -0.721551766
   14.569788420   -0.731697205   -0.707344878
   14.588685681   -0.715668748   -0.692931959
   14.607582942   -0.699431727   -0.678326315
   14.626480203   -0.683001059   -0.663541387
   14.645377465   -0.666392057   -0.648590728
   14.664274726   -0.649620392   -0.633487981
   14.683171987   -0.632702033   -0.618246845
   14.702069248   -0.615653168   -0.602881043
   14.720966510   -0.598490102   -0.587404286
   14.739863771   -0.581229159   -0.571830228
   14.758761032   -0.563886574   -0.556172427
   14.777658293   -0.546478399   -0.540444308
   14.796555555   -0.529020427   -0.524659115
   14.815452816   -0.511528135   -0.508829883
   14.834350077   -0.494016655   -0.492969402
   14.853247338   -0.476500776   -0.477090189
   14.872144600   -0.458994975   -0.461204469
   14.891041861   -0.441513467   -0.445324158
   14.909939122   -0.424070282   -0.429460854
   14.928836383   -0.406679347   -0.413625835
   14.947733645   -0.389354573   -0.397830057
   14.966630906   -0.372109928   -0.382084160
   14.985528167   -0.354959499   -0.366398476
   15.004425428   -0.337917516   -0.350783039
   15.023322690   -0.320998351   -0.335247590
   15.042219951   -0.304216466   -0.319801592
   15.061117212   -0.287586331   -0.304454233
   15.080014473   -0.271122293   -0.289214433
   15.098911735   -0.254838411   -0.274090848
   15.117808996   -0.238748270   -0.259091866
   15.136706257   -0.222864767   -0.244225610
   15.155603518   -0.207199902   -0.229499926
   15.174500780   -0.191764569   -0.214922383
   15.193398041   -0.176568374   -0.200500261
   15.212295302   -0.161619482   -0.186240542
   15.231192563   -0.146924512   -0.172149899
   15.250089824   -0.132488475   -0.158234691
   15.268987086   -0.118314781   -0.144500948
   15.287884347   -0.104405291   -0.130954368
   15.306781608   -0.090760430   -0.117600303
   15.325678869   -0.077379350   -0.104443757
   15.344576131   -0.064260133   -0.091489373
   15.363473392   -0.051400024   -0.078741432
   15.382370653   -0.038795677   -0.066203839
   15.401267914   -0.026443416   -0.053880120
   15.420165176   -0.014339474   -0.041773412
   15.439062437   -0.002480222   -0.029886455
   15.457959698    0.009137640   -0.018221582
   15.476856959    0.020516932   -0.006780713
   15.495754221    0.031659881    0.004434653
   15.514651482    0.042568064    0.015423446
   15.533548743    0.053242394    0.026185021
   15.552446004    0.063683150    0.036719165
   15.571343266    0.073890049    0.047026091
   15.590240527    0.083862345    0.057106423
   15.609137788    0.093598961    0.066961188
   15.628035049    0.103098628    0.076591797
   15.646932311    0.112360036    0.086000011
   15.665829572    0.121381982    0.095187923
   15.684726833    0.130163512    0.104157915
   15.703624094    0.138704053    0.112912623
   15.722521356    0.147003517    0.121454898
   15.741418617    0.155062398    0.129787765
   15.760315878    0.162881839    0.137914384
   15.779213139    0.170463680    0.145838009
   15.798110401    0.177810488    0.153561956
   15.817007662    0.184925558    0.161089571
   15.835904923    0.191812909    0.168424205
   15.854802184    0.198477258    0.175569194
   15.873699446    0.204923975    0.182527846
   15.892596707    0.211159032    0.189303432
   15.911493968    0.217188942    0.195899187
   15.930391229    0.223020680    0.202318309
   15.949288491    0.228661601    0.208563971
   15.968185752    0.234119350    0.214639327
   15.987083013    0.239401762    0.220547526
   16.005980274    0.244516759    0.226291725
   16.024877536    0.249472247    0.231875102
   16.043774797    0.254276005    0.237300869
   16.062672058    0.258935588    0.242572282
   16.081569319    0.263458227    0.247692643
   16.100466580    0.267850741    0.252665316
   16.119363842    0.272119468    0.257493717
   16.138261103    0.276270205    0.262181321
   16.157158364    0.280308175    0.266731655
   16.176055625    0.284238005    0.271148290
   16.194952887    0.288063740    0.275434838
   16.213850148    0.291788866    0.279594934
   16.232747409    0.295416358    0.283632234
   16.251644670    0.298948747    0.287550394
   16.270541932    0.302388196    0.291353064
   16.289439193    0.305736586    0.295043872
   16.308336454    0.308995606    0.298626410
   16.327233715    0.312166840    0.302104226
   16.346130977    0.315251844    0.305480808
   16.365028238    0.318252217    0.308759573
   16.383925499    0.321169649    0.311943854
   16.402822760    0.324005957    0.315036893
   16.421720022    0.326763100    0.318041829
   16.440617283    0.329443175    0.320961687
   16.459514544    0.332048399    0.323799373
   16.478411805    0.334581075    0.326557668
   16.497309067    0.337043549    0.329239219
   16.516206328    0.339438161    0.331846541
   16.535103589    0.341767199    0.334382013
   16.554000850    0.344032853    0.336847883
   16.572898112    0.346237179    0.339246268
   16.591795373    0.348382070    0.341579161
   16.610692634    0.350469245    0.343848441
   16.629589895    0.352500248    0.346055881
   16.648487157    0.354476461    0.348203159
   16.667384418    0.356399124    0.350291870
   16.686281679    0.358269369    0.352323541
   16.705178940    0.360088259    0.354299638
   16.724076202    0.361856819    0.356221582
   16.742973463    0.363576081    0.358090755
   16.761870724    0.365247109    0.359908512
   16.780767985    0.366871024    0.361676185
   16.799665247    0.368449014    0.363395088
   16.818562508    0.369982345    0.365066519
   16.837459769    0.371472343    0.366691759
   16.856357030    0.372920385    0.368272074
   16.875254292    0.374327871    0.369808709
   16.894151553    0.375696201    0.371302885
   16.913048814    0.377026736    0.372755795
   16.931946075    0.378320782    0.374168602
   16.950843337    0.379579556    0.375542432
   16.969740598    0.380804173    0.376878374
   16.988637859    0.381995638    0.378177478
   17.007535120    0.383154840    0.379440754
   17.026432381    0.384282566    0.380669174
   17.045329643    0.385379513    0.381863675
   17.064226904    0.386446311    0.383025158
   17.083124165    0.387483547    0.384154498
   17.102021426    0.388491791    0.385252542
   17.120918688    0.389471623    0.386320116
   17.139815949    0.390423653    0.387358029
   17.158713210    0.391348533    0.388367076
   17.177610471    0.392246973    0.389348037
   17.196507733    0.393119733    0.390301683
   17.215404994    0.393967624    0.391228771
   17.234302255    0.394791490    0.392130049
   17.253199516    0.395592191    0.393006247
   17.272096778    0.396370585    0.393858084
   17.290994039    0.397127500    0.394686257
   17.309891300    0.397863720    0.395491444
   17.328788561    0.398579965    0.396274302
   17.347685823    0.399276877    0.397035464
   17.366583084    0.399955021    0.397775536
   17.385480345    0.400614878    0.398495104
   17.404377606    0.401256860    0.399194727
   17.423274868    0.401881317    0.399874944
   17.442172129    0.402488559    0.400536274
   17.461069390    0.403078874    0.401179219
   17.479966651    0.403652548    0.401804267
   17.498863913    0.404209882    0.402411894
   17.517761174    0.404751210    0.403002567
   17.536658435    0.405276909    0.403576746
   17.555555696    0.405787403    0.404134884
   17.574452958    0.406283158    0.404677428
   17.593350219    0.406764684    0.405204819
   17.612247480    0.407232513    0.405717494
   17.631144741    0.407687191    0.406215877
   17.650042003    0.408129255    0.406700387
   17.668939264    0.408559222    0.407171428
   17.687836525    0.408977568    0.407629393
   17.706733786    0.409384715    0.408074659
   17.725631048    0.409781029    0.408507590
   17.744528309    0.410166812    0.408928531
   17.763425570    0.410542307    0.409337814
   17.782322831    0.410907705    0.409735756
   17.801220093    0.411263157    0.410122660
   17.820117354    0.411608790    0.410498817
   17.839014615    0.411944723    0.410864511
   17.857911876    0.412271081    0.411220017
   17.876809137    0.412588015    0.411565604
   17.895706399    0.412895705    0.411901539
   17.914603660    0.413194374    0.412228083
   17.933500921    0.413484284    0.412545499
   17.952398182    0.413765740    0.412854046
   17.971295444    0.414039073    0.413153980
   17.990192705    0.414304637    0.413445554
   18.009089966    0.414562792    0.413729017
   18.027987227    0.414813887    0.414004611
   18.046884489    0.415058250    0.414272572
   18.065781750    0.415296172    0.414533124
   18.084679011    0.415527901    0.414786486
   18.103576272    0.415753634    0.415032861
   18.122473534    0.415973519    0.415272446
   18.141370795    0.416187659    0.415505426
   18.160268056    0.416396119    0.415731976
   18.179165317    0.416598937    0.415952264
   18.198062579    0.416796139    0.416166452
   18.216959840    0.416987753    0.416374695
   18.235857101    0.417173821    0.416577147
   18.254754362    0.417354409    0.416773960
   18.273651624    0.417529618    0.416965284
   18.292548885    0.417699587    0.417151269
   18.311446146    0.417864491    0.417332067
   18.330343407    0.418024537    0.417507827
   18.349240669    0.418179958    0.417678702
   18.368137930    0.418330999    0.417844837
   18.387035191    0.418477906    0.418006381
   18.405932452    0.418620915    0.418163473
   18.424829714    0.418760235    0.418316250
   18.443726975    0.418896046    0.418464843
   18.462624236    0.419028485    0.418609373
   18.481521497    0.419157648    0.418749957
   18.500418759    0.419283592    0.418886701
   18.519316020    0.419406336    0.419019708
   18.538213281    0.419525875    0.419149071
   18.557110542    0.419642184    0.419274883
   18.576007804    0.419755239    0.419397229
   18.594905065    0.419865021    0.419516195
   18.613802326    0.419971530    0.419631864
   18.632699587    0.420074796    0.419744321
   18.651596849    0.420174879    0.419853652
   18.670494110    0.420271874    0.419959942
   18.689391371    0.420365911    0.420063281
   18.708288632    0.420457144    0.420163758
   18.727185894    0.420545746    0.420261460
   18.746083155    0.420631899    0.420356478
   18.764980416    0.420715779    0.420448897
   18.783877677    0.420797549    0.420538801
   18.802774938    0.420877348    0.420626269
   18.821672200    0.420955281    0.420711375
   18.840569461    0.421031421    0.420794188
   18.859466722    0.421105800    0.420874771
   18.878363983    0.421178421    0.420953183
   18.897261245    0.421249257    0.421029477
   18.916158506    0.421318263    0.421103702
   18.935055767    0.421385388    0.421175906
   18.953953028    0.421450580    0.421246133
   18.972850290    0.421513803    0.421314429
   18.991747551    0.421575043    0.421380840
   19.010644812    0.421634313    0.421445412
   19.029542073    0.421691659    0.421508196
   19.048439335    0.421747157    0.421569242
   19.067336596    0.421800912    0.421628604
   19.086233857    0.421853049    0.421686334
   19.105131118    0.421903706    0.421742490
   19.124028380    0.421953023    0.421797123
   19.142925641    0.422001135    0.421850287
   19.161822902    0.422048155    0.421902031
   19.180720163    0.422094174    0.421952402
   19.199617425    0.422139252    0.422001442
   19.218514686    0.422183416    0.422049189
   19.237411947    0.422226661    0.422095676
   19.256309208    0.422268956    0.422140934
   19.275206470    0.422310249    0.422184988
   19.294103731    0.422350476    0.422227862
   19.313000992    0.422389571    0.422269580
   19.331898253    0.422427477    0.422310164
   19.350795515    0.422464154    0.422349637
   19.369692776    0.422499584    0.422388025
   19.388590037    0.422533780    0.422425354
   19.407487298    0.422566782    0.422461654
   19.426384560    0.422598660    0.422496956
   19.445281821    0.422629505    0.422531293
   19.464179082    0.422659425    0.422564700
   19.483076343    0.422688537    0.422597212
   19.501973605    0.422716952    0.422628863
   19.520870866    0.422744772    0.422659685
   19.539768127    0.422772078    0.422689709
   19.558665388    0.422798928    0.422718961
   19.577562650    0.422825348    0.422747465
   19.596459911    0.422851334    0.422775241
   19.615357172    0.422876859    0.422802304
   19.634254433    0.422901870    0.422828669
   19.653151695    0.422926300    0.422854346
   19.672048956    0.422950079    0.422879346
   19.690946217    0.422973138    0.422903678
   19.709843478    0.422995422    0.422927352
   19.728740739    0.423016893    0.422950380
   19.747638001    0.423037541    0.422972776
   19.766535262    0.423057381    0.422994556
   19.785432523    0.423076456    0.423015739
   19.804329784    0.423094835    0.423036344
   19.823227046    0.423112603    0.423056395
   19.842124307    0.423129856    0.423075914
   19.861021568    0.423146694    0.423094925
   19.879918829    0.423163209    0.423113450
   19.898816091    0.423179479    0.423131509
   19.917713352    0.423195560    0.423149121
   19.936610613    0.423211484    0.423166302
   19.955507874    0.423227252    0.423183062
   19.974405136    0.423242842    0.423199412
   19.993302397    0.423258208    0.423215357
   20.012199658    0.423273287    0.423230902
   20.031096919    0.423288005    0.423246049
   20.049994181    0.423302292    0.423260802
   20.068891442    0.423316081    0.423275162
   20.087788703    0.423329324    0.423289133
   20.106685964    0.423341994    0.423302722
   20.125583226    0.423354088    0.423315936
   20.144480487    0.423365630    0.423328786
   20.163377748    0.423376667    0.423341284
   20.182275009    0.423387270    0.423353446
   20.201172271    0.423397519    0.423365287
   20.220069532    0.423407504    0.423376825
   20.238966793    0.423417311    0.423388075
   20.257864054    0.423427016    0.423399052
   20.276761316    0.423436678    0.423409770
   20.295658577    0.423446332    0.423420240
   20.314555838    0.423455989    0.423430469
   20.333453099    0.423465634    0.423440463
   20.352350361    0.423475229    0.423450225
   20.371247622    0.423484716    0.423459755
   20.390144883    0.423494026    0.423469053
   20.409042144    0.423503086    0.423478115
   20.427939406    0.423511827    0.423486942
   20.446836667    0.423520191    0.423495531
   20.465733928    0.423528140    0.423503885
   20.484631189    0.423535655    0.423512006
   20.503528451    0.423542746    0.423519900
   20.522425712    0.423549446    0.423527574
   20.541322973    0.423555807    0.423535039
   20.560220234    0.423561902    0.423542306
   20.579117495    0.423567808    0.423549387
   20.598014757    0.423573609    0.423556295
   20.616912018    0.423579378    0.423563043
   20.635809279    0.423585176    0.423569640
   20.654706540    0.423591047    0.423576095
   20.673603802    0.423597008    0.423582415
   20.692501063    0.423603052    0.423588602
   20.711398324    0.423609151    0.423594658
   20.730295585    0.423615255    0.423600581
   20.749192847    0.423621300    0.423606368
   20.768090108    0.423627213    0.423612016
   20.786987369    0.423632924    0.423617520
   20.805884630    0.423638371    0.423622878
   20.824781892    0.423643504    0.423628086
   20.843679153    0.423648295    0.423633146
   20.862576414    0.423652741    0.423638058
   20.881473675    0.423656860    0.423642829
   20.900370937    0.423660694    0.423647463
   20.919268198    0.423664301    0.423651971
   20.938165459    0.423667755    0.423656361
   20.957062720    0.423671131    0.423660645
   20.975959982    0.423674503    0.423664831
   20.994857243    0.423677936    0.423668929
   21.013754504    0.423681477    0.423672947
   21.032651765    0.423685152    0.423676888
   21.051549027    0.423688965    0.423680757
   21.070446288    0.423692895    0.423684554
   21.089343549    0.423696901    0.423688276
   21.108240810    0.423700925    0.423691920
   21.127138072    0.423704899    0.423695480
   21.146035333    0.423708751    0.423698952
   21.164932594    0.423712416    0.423702331
   21.183829855    0.423715838    0.423705612
   21.202727117    0.423718980    0.423708793
   21.221624378    0.423721827    0.423711874
   21.240521639    0.423724385    0.423714858
   21.259418900    0.423726684    0.423717749
   21.278316162    0.423728774    0.423720553
   21.297213423    0.423730719    0.423723277
   21.316110684    0.423732591    0.423725932
   21.335007945    0.423734463    0.423728525
   21.353905207    0.423736400    0.423731065
   21.372802468    0.423738457    0.423733559
   21.391699729    0.423740666    0.423736011
   21.410596990    0.423743041    0.423738424
   21.429494252    0.423745569    0.423740799
   21.448391513    0.423748220    0.423743133
   21.467288774    0.423750942    0.423745424
   21.486186035    0.423753671    0.423747664
   21.505083296    0.423756338    0.423749849
   21.523980558    0.423758873    0.423751973
   21.542877819    0.423761218    0.423754031
   21.561775080    0.423763327    0.423756018
   21.580672341    0.423765174    0.423757933
   21.599569603    0.423766755    0.423759777
   21.618466864    0.423768090    0.423761552
   21.637364125    0.423769218    0.423763263
   21.656261386    0.423770195    0.423764916
   21.675158648    0.423771090    0.423766520
   21.694055909    0.423771973    0.423768081
   21.712953170    0.423772912    0.423769607
   21.731850431    0.423773965    0.423771106
   21.750747693    0.423775173    0.423772582
   21.769644954    0.423776558    0.423774039
   21.788542215    0.423778120    0.423775476
   21.807439476    0.423779834    0.423776893
   21.826336738    0.423781658    0.423778285
   21.845233999    0.423783534    0.423779648
   21.864131260    0.423785395    0.423780976
   21.883028521    0.423787173    0.423782261
   21.901925783    0.423788803    0.423783499
   21.920823044    0.423790233    0.423784684
   21.939720305    0.423791430    0.423785814
   21.958617566    0.423792379    0.423786887
   21.977514828    0.423793088    0.423787905
   21.996412089    0.423793588    0.423788871
   22.015309350    0.423793926    0.423789790
   22.034206611    0.423794165    0.423790669
   22.053103873    0.423794374    0.423791516
   22.072001134    0.423794620    0.423792337
   22.090898395    0.423794965    0.423793140
   22.109795656    0.423795457    0.423793930
   22.128692918    0.423796126    0.423794710
   22.147590179    0.423796980    0.423795481
   22.166487440    0.423798005    0.423796243
   22.185384701    0.423799167    0.423796992
   22.204281963    0.423800415    0.423797724
   22.223179224    0.423801684    0.423798432
   22.242076485    0.423802907    0.423799110
   22.260973746    0.423804017    0.423799751
   22.279871008    0.423804958    0.423800350
   22.298768269    0.423805687    0.423800903
   22.317665530    0.423806180    0.423801407
   22.336562791    0.423806438    0.423801863
   22.355460052    0.423806479    0.423802273
   22.374357314    0.423806345    0.423802641
   22.393254575    0.423806090    0.423802972
   22.412151836    0.423805781    0.423803274
   22.431049097    0.423805487    0.423803554
   22.449946359    0.423805270    0.423803818
   22.468843620    0.423805186    0.423804072
   22.487740881    0.423805272    0.423804320
   22.506638142    0.423805544    0.423804563
   22.525535404    0.423805999    0.423804802
   22.544432665    0.423806610    0.423805033
   22.563329926    0.423807333    0.423805253
   22.582227187    0.423808108    0.423805456
   22.601124449    0.423808869    0.423805634
   22.620021710    0.423809548    0.423805782
   22.638918971    0.423810084    0.423805892
   22.657816232    0.423810427    0.423805960
