    0.000000000    0.230990067    0.230989140
    0.034644979    0.230989888    0.230989122
    0.069289958    0.230989414    0.230989074
    0.103934937    0.230988809    0.230989013
    0.138579916    0.230988283    0.230988960
    0.173224895    0.230988018    0.230988933
    0.207869874    0.230988106    0.230988942
    0.242514853    0.230988517    0.230988983
    0.277159832    0.230989108    0.230989043
    0.311804811    0.230989674    0.230989100
    0.346449789    0.230990019    0.230989134
    0.381094768    0.230990023    0.230989135
    0.415739747    0.230989684    0.230989100
    0.450384726    0.230989121    0.230989043
    0.485029705    0.230988527    0.230988983
    0.519674684    0.230988110    0.230988941
    0.554319663    0.230988013    0.230988931
    0.588964642    0.230988270    0.230988957
    0.623609621    0.230988793    0.230989009
    0.658254600    0.230989399    0.230989070
    0.692899579    0.230989879    0.230989118
    0.727544558    0.230990066    0.230989137
    0.762189537    0.230989894    0.230989119
    0.796834516    0.230989424    0.230989071
    0.831479495    0.230988817    0.230989010
    0.866124474    0.230988285    0.230988956
    0.900769453    0.230988012    0.230988928
    0.935414432    0.230988092    0.230988936
    0.970059411    0.230988498    0.230988976
    1.004704390    0.230989089    0.230989036
    1.039349368    0.230989659    0.230989093
    1.073994347    0.230990012    0.230989128
    1.108639326    0.230990024    0.230989129
    1.143284305    0.230989691    0.230989094
    1.177929284    0.230989127    0.230989037
    1.212574263    0.230988529    0.230988976
    1.247219242    0.230988103    0.230988933
    1.281864221    0.230987997    0.230988922
    1.316509200    0.230988248    0.230988947
    1.351154179    0.230988769    0.230988999
    1.385799158    0.230989379    0.230989060
    1.420444137    0.230989867    0.230989109
    1.455089116    0.230990062    0.230989128
    1.489734095    0.230989897    0.230989110
    1.524379074    0.230989429    0.230989062
    1.559024053    0.230988819    0.230989000
    1.593669032    0.230988279    0.230988945
    1.628314011    0.230987995    0.230988916
    1.662958990    0.230988067    0.230988923
    1.697603968    0.230988469    0.230988963
    1.732248947    0.230989063    0.230989022
    1.766893926    0.230989641    0.230989080
    1.801538905    0.230990003    0.230989115
    1.836183884    0.230990023    0.230989117
    1.870828863    0.230989694    0.230989082
    1.905473842    0.230989128    0.230989024
    1.940118821    0.230988523    0.230988962
    1.974763800    0.230988086    0.230988918
    2.009408779    0.230987971    0.230988906
    2.044053758    0.230988216    0.230988930
    2.078698737    0.230988737    0.230988982
    2.113343716    0.230989353    0.230989043
    2.147988695    0.230989851    0.230989093
    2.182633674    0.230990056    0.230989112
    2.217278653    0.230989897    0.230989095
    2.251923632    0.230989429    0.230989046
    2.286568611    0.230988813    0.230988983
    2.321213590    0.230988263    0.230988927
    2.355858568    0.230987968    0.230988896
    2.390503547    0.230988031    0.230988902
    2.425148526    0.230988431    0.230988942
    2.459793505    0.230989029    0.230989002
    2.494438484    0.230989617    0.230989060
    2.529083463    0.230989990    0.230989096
    2.563728442    0.230990020    0.230989098
    2.598373421    0.230989693    0.230989063
    2.633018400    0.230989124    0.230989005
    2.667663379    0.230988508    0.230988941
    2.702308358    0.230988059    0.230988895
    2.736953337    0.230987932    0.230988882
    2.771598316    0.230988172    0.230988905
    2.806243295    0.230988696    0.230988957
    2.840888274    0.230989320    0.230989019
    2.875533253    0.230989830    0.230989069
    2.910178232    0.230990047    0.230989090
    2.944823211    0.230989895    0.230989073
    2.979468190    0.230989425    0.230989023
    3.014113169    0.230988801    0.230988959
    3.048758147    0.230988236    0.230988901
    3.083403126    0.230987928    0.230988869
    3.118048105    0.230987983    0.230988874
    3.152693084    0.230988382    0.230988913
    3.187338063    0.230988986    0.230988973
    3.221983042    0.230989587    0.230989032
    3.256628021    0.230989974    0.230989070
    3.291273000    0.230990013    0.230989072
    3.325917979    0.230989689    0.230989037
    3.360562958    0.230989113    0.230988977
    3.395207937    0.230988484    0.230988912
    3.429852916    0.230988020    0.230988864
    3.464497895    0.230987881    0.230988849
    3.499142874    0.230988116    0.230988872
    3.533787853    0.230988643    0.230988924
    3.568432832    0.230989279    0.230988987
    3.603077811    0.230989804    0.230989038
    3.637722790    0.230990034    0.230989059
    3.672367769    0.230989888    0.230989042
    3.707012747    0.230989416    0.230988992
    3.741657726    0.230988780    0.230988926
    3.776302705    0.230988199    0.230988866
    3.810947684    0.230987875    0.230988832
    3.845592663    0.230987921    0.230988835
    3.880237642    0.230988319    0.230988874
    3.914882621    0.230988933    0.230988935
    3.949527600    0.230989549    0.230988995
    3.984172579    0.230989952    0.230989034
    4.018817558    0.230990002    0.230989036
    4.053462537    0.230989680    0.230989001
    4.088107516    0.230989095    0.230988940
    4.122752495    0.230988450    0.230988872
    4.157397474    0.230987967    0.230988822
    4.192042453    0.230987814    0.230988805
    4.226687432    0.230988043    0.230988827
    4.261332411    0.230988576    0.230988879
    4.295977390    0.230989227    0.230988943
    4.330622369    0.230989770    0.230988996
    4.365267347    0.230990016    0.230989018
    4.399912326    0.230989877    0.230989000
    4.434557305    0.230989400    0.230988949
    4.469202284    0.230988749    0.230988881
    4.503847263    0.230988148    0.230988818
    4.538492242    0.230987805    0.230988782
    4.573137221    0.230987839    0.230988784
    4.607782200    0.230988239    0.230988822
    4.642427179    0.230988864    0.230988883
    4.677072158    0.230989499    0.230988945
    4.711717137    0.230989922    0.230988984
    4.746362116    0.230989984    0.230988987
    4.781007095    0.230989662    0.230988951
    4.815652074    0.230989066    0.230988888
    4.850297053    0.230988401    0.230988818
    4.884942032    0.230987895    0.230988764
    4.919587011    0.230987725    0.230988745
    4.954231990    0.230987949    0.230988765
    4.988876969    0.230988489    0.230988818
    5.023521948    0.230989158    0.230988882
    5.058166926    0.230989723    0.230988936
    5.092811905    0.230989986    0.230988958
    5.127456884    0.230989854    0.230988941
    5.162101863    0.230989370    0.230988888
    5.196746842    0.230988700    0.230988816
    5.231391821    0.230988075    0.230988750
    5.266036800    0.230987709    0.230988710
    5.300681779    0.230987730    0.230988709
    5.335326758    0.230988131    0.230988747
    5.369971737    0.230988771    0.230988808
    5.404616716    0.230989428    0.230988871
    5.439261695    0.230989873    0.230988911
    5.473906674    0.230989949    0.230988913
    5.508551653    0.230989627    0.230988875
    5.543196632    0.230989015    0.230988809
    5.577841611    0.230988324    0.230988734
    5.612486590    0.230987791    0.230988676
    5.647131569    0.230987600    0.230988653
    5.681776548    0.230987817    0.230988671
    5.716421526    0.230988365    0.230988723
    5.751066505    0.230989055    0.230988787
    5.785711484    0.230989644    0.230988841
    5.820356463    0.230989928    0.230988863
    5.855001442    0.230989803    0.230988844
    5.889646421    0.230989310    0.230988787
    5.924291400    0.230988616    0.230988711
    5.958936379    0.230987959    0.230988638
    5.993581358    0.230987565    0.230988593
    6.028226337    0.230987570    0.230988588
    6.062871316    0.230987970    0.230988623
    6.097516295    0.230988626    0.230988683
    6.132161274    0.230989308    0.230988745
    6.166806253    0.230989778    0.230988784
    6.201451232    0.230989869    0.230988784
    6.236096211    0.230989544    0.230988742
    6.270741190    0.230988913    0.230988669
    6.305386169    0.230988189    0.230988587
    6.340031148    0.230987621    0.230988522
    6.374676127    0.230987402    0.230988492
    6.409321105    0.230987608    0.230988504
    6.443966084    0.230988164    0.230988552
    6.478611063    0.230988876    0.230988614
    6.513256042    0.230989493    0.230988665
    6.547901021    0.230989798    0.230988684
    6.582546000    0.230989678    0.230988659
    6.617190979    0.230989170    0.230988595
    6.651835958    0.230988444    0.230988508
    6.686480937    0.230987747    0.230988425
    6.721125916    0.230987315    0.230988370
    6.755770895    0.230987295    0.230988355
    6.790415874    0.230987691    0.230988383
    6.825060853    0.230988362    0.230988437
    6.859705832    0.230989071    0.230988493
    6.894350811    0.230989567    0.230988526
    6.928995790    0.230989670    0.230988518
    6.963640769    0.230989338    0.230988466
    6.998285748    0.230988677    0.230988380
    7.032930727    0.230987908    0.230988283
    7.067575705    0.230987291    0.230988202
    7.102220684    0.230987034    0.230988157
    7.136865663    0.230987220    0.230988156
    7.171510642    0.230987778    0.230988192
    7.206155621    0.230988510    0.230988243
    7.240800600    0.230989154    0.230988284
    7.275445579    0.230989476    0.230988290
    7.310090558    0.230989355    0.230988250
    7.344735537    0.230988822    0.230988167
    7.379380516    0.230988048    0.230988059
    7.414025495    0.230987292    0.230987953
    7.448670474    0.230986804    0.230987874
    7.483315453    0.230986745    0.230987837
    7.517960432    0.230987124    0.230987843
    7.552605411    0.230987802    0.230987878
    7.587250390    0.230988530    0.230987914
    7.621895369    0.230989044    0.230987927
    7.656540348    0.230989150    0.230987895
    7.691185327    0.230988795    0.230987815
    7.725830305    0.230988084    0.230987697
    7.760475284    0.230987246    0.230987566
    7.795120263    0.230986554    0.230987448
    7.829765242    0.230986232    0.230987366
    7.864410221    0.230986375    0.230987329
    7.899055200    0.230986917    0.230987329
    7.933700179    0.230987653    0.230987345
    7.968345158    0.230988307    0.230987347
    8.002990137    0.230988631    0.230987312
    8.037635116    0.230988487    0.230987225
    8.072280095    0.230987899    0.230987089
    8.106925074    0.230987044    0.230986923
    8.141570053    0.230986189    0.230986754
    8.176215032    0.230985605    0.230986610
    8.210860011    0.230985466    0.230986507
    8.245504990    0.230985792    0.230986447
    8.280149969    0.230986440    0.230986414
    8.314794948    0.230987151    0.230986381
    8.349439927    0.230987643    0.230986320
    8.384084906    0.230987704    0.230986209
    8.418729884    0.230987268    0.230986042
    8.453374863    0.230986438    0.230985830
    8.488019842    0.230985452    0.230985597
    8.522664821    0.230984601    0.230985373
    8.557309800    0.230984129    0.230985181
    8.591954779    0.230984147    0.230985032
    8.626599758    0.230984595    0.230984918
    8.661244737    0.230985260    0.230984817
    8.695889716    0.230985851    0.230984699
    8.730534695    0.230986099    0.230984535
    8.765179674    0.230985849    0.230984312
    8.799824653    0.230985114    0.230984030
    8.834469632    0.230984074    0.230983709
    8.869114611    0.230983010    0.230983377
    8.903759590    0.230982212    0.230983064
    8.938404569    0.230981874    0.230982788
    8.973049548    0.230982028    0.230982550
    9.007694527    0.230982532    0.230982336
    9.042339506    0.230983116    0.230982115
    9.076984484    0.230983477    0.230981857
    9.111629463    0.230983382    0.230981537
    9.146274442    0.230982750    0.230981147
    9.180919421    0.230981682    0.230980699
    9.215564400    0.230980423    0.230980217
    9.250209379    0.230979284    0.230979732
    9.284854358    0.230978529    0.230979270
    9.319499337    0.230978284    0.230978842
    9.354144316    0.230978494    0.230978441
    9.388789295    0.230978937    0.230978041
    9.423434274    0.230979301    0.230977610
    9.458079253    0.230979293    0.230977117
    9.492724232    0.230978737    0.230976543
    9.527369211    0.230977636    0.230975889
    9.562014190    0.230976176    0.230975174
    9.596659169    0.230974658    0.230974427
    9.631304148    0.230973397    0.230973679
    9.665949127    0.230972611    0.230972951
    9.700594106    0.230972345    0.230972244
    9.735239085    0.230972452    0.230971539
    9.769884063    0.230972643    0.230970806
    9.804529042    0.230972584    0.230970009
    9.839174021    0.230972012    0.230969118
    9.873819000    0.230970826    0.230968123
    9.908463979    0.230969120    0.230967033
    9.943108958    0.230967156    0.230965873
    9.977753937    0.230965271    0.230964677
   10.012398916    0.230963760    0.230963470
   10.047043895    0.230962774    0.230962265
   10.081688874    0.230962265    0.230961052
   10.116333853    0.230962000    0.230959804
   10.150978832    0.230961639    0.230958483
   10.185623811    0.230960850    0.230957051
   10.220268790    0.230959422    0.230955484
   10.254913769    0.230957342    0.230953780
   10.289558748    0.230954795    0.230951955
   10.324203727    0.230952104    0.230950038
   10.358848706    0.230949616    0.230948062
   10.393493685    0.230947584    0.230946047
   10.428138663    0.230946071    0.230943993
   10.462783642    0.230944932    0.230941879
   10.497428621    0.230943855    0.230939667
   10.532073600    0.230942469    0.230937314
   10.566718579    0.230940468    0.230934782
   10.601363558    0.230937715    0.230932054
   10.636008537    0.230934292    0.230929133
   10.670653516    0.230930469    0.230926042
   10.705298495    0.230926610    0.230922812
   10.739943474    0.230923046    0.230919470
   10.774588453    0.230919959    0.230916024
   10.809233432    0.230917313    0.230912461
   10.843878411    0.230914861    0.230908747
   10.878523390    0.230912228    0.230904831
   10.913168369    0.230909033    0.230900667
   10.947813348    0.230905021    0.230896219
   10.982458327    0.230900144    0.230891474
   11.017103306    0.230894584    0.230886441
   11.051748285    0.230888679    0.230881145
   11.086393263    0.230882811    0.230875614
   11.121038242    0.230877267    0.230869861
   11.155683221    0.230872134    0.230863882
   11.190328200    0.230867263    0.230857645
   11.224973179    0.230862312    0.230851097
   11.259618158    0.230856858    0.230844180
   11.294263137    0.230850535    0.230836839
   11.328908116    0.230843159    0.230829040
   11.363553095    0.230834784    0.230820772
   11.398198074    0.230825681    0.230812045
   11.432843053    0.230816240    0.230802881
   11.467488032    0.230806829    0.230793295
   11.502133011    0.230797660    0.230783285
   11.536777990    0.230788704    0.230772820
   11.571422969    0.230779689    0.230761847
   11.606067948    0.230770187    0.230750292
   11.640712927    0.230759745    0.230738081
   11.675357906    0.230748035    0.230725153
   11.710002885    0.230734957    0.230711468
   11.744647864    0.230720667    0.230697013
   11.779292842    0.230705515    0.230681790
   11.813937821    0.230689911    0.230665807
   11.848582800    0.230674176    0.230649058
   11.883227779    0.230658412    0.230631510
   11.917872758    0.230642452    0.230613101
   11.952517737    0.230625898    0.230593743
   11.987162716    0.230608242    0.230573335
   12.021807695    0.230589019    0.230551782
   12.056452674    0.230567957    0.230529005
   12.091097653    0.230545051    0.230504952
   12.125742632    0.230520550    0.230479595
   12.160387611    0.230494856    0.230452915
   12.195032590    0.230468364    0.230424890
   12.229677569    0.230441304    0.230395473
   12.264322548    0.230413633    0.230364585
   12.298967527    0.230385024    0.230332116
   12.333612506    0.230354947    0.230297929
   12.368257485    0.230322821    0.230261880
   12.402902464    0.230288185    0.230223836
   12.437547442    0.230250830    0.230183688
   12.472192421    0.230210842    0.230141350
   12.506837400    0.230168543    0.230096756
   12.541482379    0.230124348    0.230049844
   12.576127358    0.230078583    0.230000531
   12.610772337    0.230031336    0.229948704
   12.645417316    0.229982375    0.229894210
   12.680062295    0.229931182    0.229836857
   12.714707274    0.229877080    0.229776435
   12.749352253    0.229819414    0.229712727
   12.783997232    0.229757728    0.229645535
   12.818642211    0.229691869    0.229574684
   12.853287190    0.229621991    0.229500021
   12.887932169    0.229548442    0.229421404
   12.922577148    0.229471589    0.229338681
   12.957222127    0.229391619    0.229251667
   12.991867106    0.229308404    0.229160132
   13.026512085    0.229221462    0.229063796
   13.061157064    0.229130038    0.228962343
   13.095802042    0.229033279    0.228855434
   13.130447021    0.228930437    0.228742732
   13.165092000    0.228821039    0.228623917
   13.199736979    0.228704956    0.228498693
   13.234381958    0.228582357    0.228366777
   13.269026937    0.228453546    0.228227881
   13.303671916    0.228318747    0.228081689
   13.338316895    0.228177906    0.227927834
   13.372961874    0.228030579    0.227765887
   13.407606853    0.227875943    0.227595360
   13.442251832    0.227712934    0.227415720
   13.476896811    0.227540463    0.227226414
   13.511541790    0.227357637    0.227026889
   13.546186769    0.227163908    0.226816606
   13.580831748    0.226959101    0.226595042
   13.615476727    0.226743303    0.226361667
   13.650121706    0.226516647    0.226115929
   13.684766685    0.226279069    0.225857215
   13.719411664    0.226030114    0.225584836
   13.754056643    0.225768859    0.225298020
   13.788701621    0.225493989    0.224995918
   13.823346600    0.225203991    0.224677625
   13.857991579    0.224897414    0.224342210
   13.892636558    0.224573095    0.223988735
   13.927281537    0.224230281    0.223616266
   13.961926516    0.223868596    0.223223861
   13.996571495    0.223487860    0.222810545
   14.031216474    0.223087818    0.222375281
   14.065861453    0.222667871    0.221916933
   14.100506432    0.222226896    0.221434250
   14.135151411    0.221763222    0.220925861
   14.169796390    0.221274776    0.220390294
   14.204441369    0.220759342    0.219826001
   14.239086348    0.220214866    0.219231389
   14.273731327    0.219639677    0.218604841
   14.308376306    0.219032568    0.217944715
   14.343021285    0.218392687    0.217249323
   14.377666264    0.217719276    0.216516898
   14.412311243    0.217011338    0.215745547
   14.446956221    0.216267342    0.214933219
   14.481601200    0.215485072    0.214077684
   14.516246179    0.214661669    0.213176541
   14.550891158    0.213793859    0.212227237
   14.585536137    0.212878295    0.211227111
   14.620181116    0.211911895    0.210173418
   14.654826095    0.210892063    0.209063350
   14.689471074    0.209816703    0.207894023
   14.724116053    0.208684019    0.206662441
   14.758761032    0.207492147    0.205365443
   14.793406011    0.206238752    0.203999648
   14.828050990    0.204920707    0.202561415
   14.862695969    0.203533979    0.201046823
   14.897340948    0.202073750    0.199451690
   14.931985927    0.200534764    0.197771612
   14.966630906    0.198911761    0.196002006
   15.001275885    0.197199871    0.194138152
   15.035920864    0.195394820    0.192175196
   15.070565843    0.193492864    0.190108129
   15.105210822    0.191490455    0.187931722
   15.139855800    0.189383744    0.185640445
   15.174500779    0.187168058    0.183228387
   15.209145758    0.184837549    0.180689206
   15.243790737    0.182385113    0.178016113
   15.278435716    0.179802645    0.175201911
   15.313080695    0.177081536    0.172239065
   15.347725674    0.174213270    0.169119781
   15.382370653    0.171189924    0.165836070
   15.417015632    0.168004372    0.162379758
   15.451660611    0.164650116    0.158742422
   15.486305590    0.161120757    0.154915253
   15.520950569    0.157409252    0.150888850
   15.555595548    0.153507174    0.146652977
   15.590240527    0.149404230    0.142196316
   15.624885506    0.145088194    0.137506258
   15.659530485    0.140545333    0.132568757
   15.694175464    0.135761226    0.127368254
   15.728820443    0.130721740    0.121887697
   15.763465422    0.125413879    0.116108624
   15.798110400    0.119826199    0.110011305
   15.832755379    0.113948583    0.103574935
   15.867400358    0.107771333    0.096777852
   15.902045337    0.101283684    0.089597782
   15.936690316    0.094472023    0.082012100
   15.971335295    0.087318156    0.073998103
   16.005980274    0.079797974    0.065533272
   16.040625253    0.071880793    0.056595499
   16.075270232    0.063529501    0.047163262
   16.109915211    0.054701489    0.037215697
   16.144560190    0.045350225    0.026732563
   16.179205169    0.035427233    0.015694092
   16.213850148    0.024884259    0.004080753
   16.248495127    0.013675380   -0.008127028
   16.283140106    0.001758936   -0.020949100
   16.317785085   -0.010900848   -0.034405726
   16.352430064   -0.024332605   -0.048517528
   16.387075043   -0.038557030   -0.063305215
   16.421720022   -0.053586651   -0.078789084
   16.456365000   -0.069426287   -0.094988329
   16.491009979   -0.086074288   -0.111920224
   16.525654958   -0.103524568   -0.129599286
   16.560299937   -0.121769293   -0.148036491
   16.594944916   -0.140801912   -0.167238651
   16.629589895   -0.160620058   -0.187207967
   16.664234874   -0.181227746   -0.207941800
   16.698879853   -0.202636318   -0.229432616
   16.733524832   -0.224863754   -0.251668068
   16.768169811   -0.247932217   -0.274631163
   16.802814790   -0.271864068   -0.298300447
   16.837459769   -0.296676920   -0.322650198
   16.872104748   -0.322378534   -0.347650597
   16.906749727   -0.348962441   -0.373267888
   16.941394706   -0.376405080   -0.399464537
   16.976039685   -0.404664930   -0.426199400
   17.010684664   -0.433683737   -0.453427897
   17.045329643   -0.463389491   -0.481102169
   17.079974622   -0.493700472   -0.509171201
   17.114619601   -0.524529517   -0.537580869
   17.149264579   -0.555787657   -0.566273907
   17.183909558   -0.587386514   -0.595189788
   17.218554537   -0.619239194   -0.624264559
   17.253199516   -0.651259798   -0.653430687
   17.287844495   -0.683362024   -0.682616986
   17.322489474   -0.715457498   -0.711748696
   17.357134453   -0.747454488   -0.740747764
   17.391779432   -0.779257478   -0.769533335
   17.426424411   -0.810767794   -0.798022433
   17.461069390   -0.841885125   -0.826130760
   17.495714369   -0.872509553   -0.853773534
   17.530359348   -0.902543550   -0.880866268
   17.565004327   -0.931893433   -0.907325423
   17.599649306   -0.960469957   -0.933068893
   17.634294285   -0.988187982   -0.958016322
   17.668939264   -1.014965412   -0.982089305
   17.703584243   -1.040721831   -1.005211520
   17.738229222   -1.065377295   -1.027308875
   17.772874201   -1.088851716   -1.048309718
   17.807519179   -1.111065042   -1.068145147
   17.842164158   -1.131938225   -1.086749402
   17.876809137   -1.151394741   -1.104060309
   17.911454116   -1.169362257   -1.120019722
   17.946099095   -1.185774062   -1.134573905
   17.980744074   -1.200569944   -1.147673815
   18.015389053   -1.213696398   -1.159275279
   18.050034032   -1.225106257   -1.169339068
   18.084679011   -1.234758019   -1.177830924
   18.119323990   -1.242615200   -1.184721573
   18.153968969   -1.248646037   -1.189986781
   18.188613948   -1.252823715   -1.193607462
   18.223258927   -1.255127118   -1.195569851
   18.257903906   -1.255541908   -1.195865701
   18.292548885   -1.254061645   -1.194492474
   18.327193864   -1.250688617   -1.191453472
   18.361838843   -1.245434143   -1.186757866
   18.396483822   -1.238318261   -1.180420626
   18.431128801   -1.229368900   -1.172462346
   18.465773779   -1.218620774   -1.162909002
   18.500418758   -1.206114306   -1.151791681
   18.535063737   -1.191894859   -1.139146330
   18.569708716   -1.176012440   -1.125013538
   18.604353695   -1.158521857   -1.109438377
   18.638998674   -1.139483181   -1.092470269
   18.673643653   -1.118962210   -1.074162876
   18.708288632   -1.097030673   -1.054573969
   18.742933611   -1.073765935   -1.033765272
   18.777578590   -1.049250155   -1.011802254
   18.812223569   -1.023568983   -0.988753913
   18.846868548   -0.996810043   -0.964692546
   18.881513527   -0.969061522   -0.939693547
   18.916158506   -0.940411124   -0.913835244
   18.950803485   -0.910945590   -0.887198763
   18.985448464   -0.880750781   -0.859867896
   19.020093443   -0.849912207   -0.831928920
   19.054738422   -0.818515766   -0.803470305
   19.089383401   -0.786648436   -0.774582263
   19.124028380   -0.754398746   -0.745356126
   19.158673358   -0.721856968   -0.715883532
   19.193318337   -0.689115103   -0.686255501
   19.227963316   -0.656266847   -0.656561457
   19.262608295   -0.623407717   -0.626888303
   19.297253274   -0.590635468   -0.597319639
   19.331898253   -0.558050742   -0.567935193
   19.366543232   -0.525757724   -0.538810497
   19.401188211   -0.493864444   -0.510016784
   19.435833190   -0.462482275   -0.481621072
   19.470478169   -0.431724279   -0.453686332
   19.505123148   -0.401702245   -0.426271673
   19.539768127   -0.372522568   -0.399432454
   19.574413106   -0.344281420   -0.373220287
   19.609058085   -0.317059928   -0.347682914
   19.643703064   -0.290920203   -0.322863983
   19.678348043   -0.265902947   -0.298802763
   19.712993022   -0.242027191   -0.275533865
   19.747638001   -0.219292261   -0.253087004
   19.782282980   -0.197681692   -0.231486850
   19.816927958   -0.177168398   -0.210752974
   19.851572937   -0.157720175   -0.190899883
   19.886217916   -0.139304563   -0.171937127
   19.920862895   -0.121892268   -0.153869464
   19.955507874   -0.105458673   -0.136697066
   19.990152853   -0.089983399   -0.120415764
   20.024797832   -0.075448294   -0.105017350
   20.059442811   -0.061834545   -0.090489960
   20.094087790   -0.049119759   -0.076818537
   20.128732769   -0.037275803   -0.063985396
   20.163377748   -0.026267968   -0.051970869
   20.198022727   -0.016055687   -0.040753999
   20.232667706   -0.006594658   -0.030313231
   20.267312685    0.002160077   -0.020627045
   20.301957664    0.010250757   -0.011674481
   20.336602643    0.017713904   -0.003435515
   20.371247622    0.024578276    0.004108720
   20.405892601    0.030864099    0.010975870
   20.440537580    0.036583626    0.017182397
   20.475182559    0.041742793    0.022743690
   20.509827537    0.046343547    0.027674181
   20.544472516    0.050386304    0.031987417
   20.579117495    0.053872057    0.035696062
   20.613762474    0.056803733    0.038811811
   20.648407453    0.059186627    0.041345207
   20.683052432    0.061027937    0.043305410
   20.717697411    0.062335610    0.044699923
   20.752342390    0.063116846    0.045534329
   20.786987369    0.063376659    0.045812076
   20.821632348    0.063116846    0.045534329
   20.856277327    0.062335610    0.044699923
   20.890922306    0.061027937    0.043305410
   20.925567285    0.059186627    0.041345207
   20.960212264    0.056803733    0.038811811
   20.994857243    0.053872058    0.035696062
   21.029502222    0.050386304    0.031987417
   21.064147201    0.046343547    0.027674181
   21.098792180    0.041742793    0.022743690
   21.133437159    0.036583626    0.017182397
   21.168082137    0.030864099    0.010975870
   21.202727116    0.024578277    0.004108720
   21.237372095    0.017713905   -0.003435515
   21.272017074    0.010250757   -0.011674481
   21.306662053    0.002160077   -0.020627045
   21.341307032   -0.006594658   -0.030313231
   21.375952011   -0.016055687   -0.040753999
   21.410596990   -0.026267968   -0.051970868
   21.445241969   -0.037275803   -0.063985395
   21.479886948   -0.049119759   -0.076818537
   21.514531927   -0.061834545   -0.090489960
   21.549176906   -0.075448294   -0.105017350
   21.583821885   -0.089983399   -0.120415763
   21.618466864   -0.105458673   -0.136697066
   21.653111843   -0.121892268   -0.153869464
   21.687756822   -0.139304563   -0.171937126
   21.722401801   -0.157720175   -0.190899882
   21.757046780   -0.177168398   -0.210752974
   21.791691759   -0.197681691   -0.231486850
   21.826336737   -0.219292260   -0.253087003
   21.860981716   -0.242027190   -0.275533864
   21.895626695   -0.265902946   -0.298802762
   21.930271674   -0.290920202   -0.322863982
   21.964916653   -0.317059928   -0.347682913
   21.999561632   -0.344281419   -0.373220286
   22.034206611   -0.372522568   -0.399432453
   22.068851590   -0.401702244   -0.426271672
   22.103496569   -0.431724278   -0.453686332
   22.138141548   -0.462482274   -0.481621071
   22.172786527   -0.493864443   -0.510016784
   22.207431506   -0.525757723   -0.538810496
   22.242076485   -0.558050741   -0.567935193
   22.276721464   -0.590635467   -0.597319638
   22.311366443   -0.623407716   -0.626888302
   22.346011422   -0.656266846   -0.656561456
   22.380656401   -0.689115102   -0.686255500
   22.415301380   -0.721856967   -0.715883531
   22.449946359   -0.754398745   -0.745356125
   22.484591338   -0.786648435   -0.774582263
   22.519236316   -0.818515766   -0.803470304
   22.553881295   -0.849912207   -0.831928920
   22.588526274   -0.880750780   -0.859867895
   22.623171253   -0.910945589   -0.887198762
   22.657816232   -0.940411124   -0.913835243
   22.692461211   -0.969061522   -0.939693547
   22.727106190   -0.996810043   -0.964692546
   22.761751169   -1.023568982   -0.988753913
   22.796396148   -1.049250155   -1.011802254
   22.831041127   -1.073765934   -1.033765271
   22.865686106   -1.097030672   -1.054573969
   22.900331085   -1.118962210   -1.074162876
   22.934976064   -1.139483181   -1.092470269
   22.969621043   -1.158521857   -1.109438377
   23.004266022   -1.176012440   -1.125013539
   23.038911001   -1.191894860   -1.139146330
   23.073555980   -1.206114306   -1.151791681
   23.108200959   -1.218620775   -1.162909002
   23.142845938   -1.229368900   -1.172462347
   23.177490916   -1.238318261   -1.180420626
   23.212135895   -1.245434143   -1.186757866
   23.246780874   -1.250688617   -1.191453473
   23.281425853   -1.254061645   -1.194492475
   23.316070832   -1.255541909   -1.195865701
   23.350715811   -1.255127119   -1.195569851
   23.385360790   -1.252823716   -1.193607463
   23.420005769   -1.248646038   -1.189986782
   23.454650748   -1.242615201   -1.184721574
   23.489295727   -1.234758020   -1.177830925
   23.523940706   -1.225106258   -1.169339069
   23.558585685   -1.213696399   -1.159275280
   23.593230664   -1.200569946   -1.147673817
   23.627875643   -1.185774064   -1.134573906
   23.662520622   -1.169362259   -1.120019723
   23.697165601   -1.151394743   -1.104060310
   23.731810580   -1.131938227   -1.086749403
   23.766455559   -1.111065044   -1.068145149
   23.801100538   -1.088851718   -1.048309719
   23.835745517   -1.065377297   -1.027308877
   23.870390495   -1.040721833   -1.005211522
   23.905035474   -1.014965414   -0.982089307
   23.939680453   -0.988187984   -0.958016324
   23.974325432   -0.960469959   -0.933068895
   24.008970411   -0.931893435   -0.907325425
   24.043615390   -0.902543553   -0.880866270
   24.078260369   -0.872509556   -0.853773536
   24.112905348   -0.841885127   -0.826130762
   24.147550327   -0.810767796   -0.798022435
   24.182195306   -0.779257480   -0.769533337
   24.216840285   -0.747454490   -0.740747766
   24.251485264   -0.715457501   -0.711748698
   24.286130243   -0.683362026   -0.682616988
   24.320775222   -0.651259800   -0.653430689
   24.355420201   -0.619239196   -0.624264561
   24.390065180   -0.587386517   -0.595189791
   24.424710159   -0.555787660   -0.566273910
   24.459355138   -0.524529520   -0.537580872
   24.494000117   -0.493700474   -0.509171203
   24.528645095   -0.463389493   -0.481102172
   24.563290074   -0.433683740   -0.453427899
   24.597935053   -0.404664932   -0.426199403
   24.632580032   -0.376405082   -0.399464539
   24.667225011   -0.348962443   -0.373267890
   24.701869990   -0.322378536   -0.347650600
   24.736514969   -0.296676922   -0.322650200
   24.771159948   -0.271864070   -0.298300449
   24.805804927   -0.247932219   -0.274631165
   24.840449906   -0.224863757   -0.251668070
   24.875094885   -0.202636320   -0.229432618
   24.909739864   -0.181227748   -0.207941802
   24.944384843   -0.160620060   -0.187207969
   24.979029822   -0.140801914   -0.167238653
   25.013674801   -0.121769295   -0.148036493
   25.048319780   -0.103524570   -0.129599288
   25.082964759   -0.086074290   -0.111920226
   25.117609738   -0.069426289   -0.094988331
   25.152254717   -0.053586653   -0.078789086
   25.186899695   -0.038557032   -0.063305217
   25.221544674   -0.024332607   -0.048517530
   25.256189653   -0.010900850   -0.034405728
   25.290834632    0.001758934   -0.020949102
   25.325479611    0.013675379   -0.008127030
   25.360124590    0.024884257    0.004080751
   25.394769569    0.035427231    0.015694091
   25.429414548    0.045350223    0.026732561
   25.464059527    0.054701488    0.037215695
   25.498704506    0.063529499    0.047163260
   25.533349485    0.071880791    0.056595497
   25.567994464    0.079797972    0.065533270
   25.602639443    0.087318155    0.073998102
   25.637284422    0.094472022    0.082012098
   25.671929401    0.101283682    0.089597780
   25.706574380    0.107771331    0.096777850
   25.741219359    0.113948581    0.103574933
   25.775864338    0.119826197    0.110011303
   25.810509317    0.125413878    0.116108622
   25.845154296    0.130721739    0.121887696
   25.879799274    0.135761225    0.127368252
   25.914444253    0.140545332    0.132568755
   25.949089232    0.145088192    0.137506257
   25.983734211    0.149404228    0.142196314
   26.018379190    0.153507173    0.146652975
   26.053024169    0.157409250    0.150888849
   26.087669148    0.161120756    0.154915252
   26.122314127    0.164650114    0.158742420
   26.156959106    0.168004371    0.162379756
   26.191604085    0.171189923    0.165836069
   26.226249064    0.174213269    0.169119780
   26.260894043    0.177081534    0.172239064
   26.295539022    0.179802644    0.175201910
   26.330184001    0.182385112    0.178016111
   26.364828980    0.184837547    0.180689204
   26.399473959    0.187168057    0.183228386
   26.434118938    0.189383742    0.185640444
   26.468763917    0.191490454    0.187931721
   26.503408896    0.193492862    0.190108128
   26.538053874    0.195394818    0.192175194
   26.572698853    0.197199869    0.194138150
   26.607343832    0.198911759    0.196002005
   26.641988811    0.200534763    0.197771611
   26.676633790    0.202073749    0.199451689
   26.711278769    0.203533977    0.201046822
   26.745923748    0.204920706    0.202561414
   26.780568727    0.206238750    0.203999647
   26.815213706    0.207492145    0.205365441
   26.849858685    0.208684018    0.206662439
   26.884503664    0.209816702    0.207894022
   26.919148643    0.210892061    0.209063349
   26.953793622    0.211911893    0.210173416
   26.988438601    0.212878293    0.211227109
   27.023083580    0.213793858    0.212227236
   27.057728559    0.214661668    0.213176539
   27.092373538    0.215485071    0.214077683
   27.127018517    0.216267340    0.214933218
   27.161663496    0.217011337    0.215745545
   27.196308474    0.217719275    0.216516896
   27.230953453    0.218392686    0.217249322
   27.265598432    0.219032567    0.217944714
   27.300243411    0.219639675    0.218604840
   27.334888390    0.220214864    0.219231388
   27.369533369    0.220759341    0.219826000
   27.404178348    0.221274774    0.220390293
   27.438823327    0.221763221    0.220925860
   27.473468306    0.222226895    0.221434248
   27.508113285    0.222667870    0.221916931
   27.542758264    0.223087817    0.222375279
   27.577403243    0.223487858    0.222810544
   27.612048222    0.223868595    0.223223860
   27.646693201    0.224230280    0.223616265
   27.681338180    0.224573094    0.223988734
   27.715983159    0.224897413    0.224342208
   27.750628138    0.225203990    0.224677623
   27.785273117    0.225493987    0.224995916
   27.819918096    0.225768857    0.225298019
   27.854563075    0.226030112    0.225584835
   27.889208053    0.226279068    0.225857213
   27.923853032    0.226516646    0.226115928
   27.958498011    0.226743302    0.226361666
   27.993142990    0.226959100    0.226595040
   28.027787969    0.227163907    0.226816605
   28.062432948    0.227357636    0.227026888
   28.097077927    0.227540462    0.227226413
   28.131722906    0.227712933    0.227415719
   28.166367885    0.227875942    0.227595359
   28.201012864    0.228030578    0.227765886
   28.235657843    0.228177905    0.227927833
   28.270302822    0.228318746    0.228081688
   28.304947801    0.228453545    0.228227880
   28.339592780    0.228582356    0.228366776
   28.374237759    0.228704955    0.228498692
   28.408882738    0.228821037    0.228623916
   28.443527717    0.228930436    0.228742731
   28.478172696    0.229033278    0.228855432
   28.512817675    0.229130037    0.228962342
   28.547462653    0.229221461    0.229063795
   28.582107632    0.229308403    0.229160130
   28.616752611    0.229391618    0.229251666
   28.651397590    0.229471588    0.229338680
   28.686042569    0.229548441    0.229421403
   28.720687548    0.229621990    0.229500020
   28.755332527    0.229691868    0.229574682
   28.789977506    0.229757727    0.229645534
   28.824622485    0.229819413    0.229712726
   28.859267464    0.229877079    0.229776434
   28.893912443    0.229931181    0.229836856
   28.928557422    0.229982374    0.229894209
   28.963202401    0.230031335    0.229948703
   28.997847380    0.230078582    0.230000530
   29.032492359    0.230124347    0.230049842
   29.067137338    0.230168542    0.230096755
   29.101782317    0.230210841    0.230141349
   29.136427296    0.230250829    0.230183687
   29.171072275    0.230288184    0.230223835
   29.205717254    0.230322820    0.230261879
   29.240362232    0.230354946    0.230297927
   29.275007211    0.230385023    0.230332115
   29.309652190    0.230413632    0.230364584
   29.344297169    0.230441303    0.230395471
   29.378942148    0.230468363    0.230424889
   29.413587127    0.230494855    0.230452914
   29.448232106    0.230520549    0.230479594
   29.482877085    0.230545050    0.230504951
   29.517522064    0.230567956    0.230529004
   29.552167043    0.230589018    0.230551781
   29.586812022    0.230608241    0.230573334
   29.621457001    0.230625897    0.230593741
   29.656101980    0.230642451    0.230613100
   29.690746959    0.230658411    0.230631509
   29.725391938    0.230674175    0.230649057
   29.760036917    0.230689910    0.230665806
   29.794681896    0.230705514    0.230681789
   29.829326875    0.230720666    0.230697012
   29.863971854    0.230734956    0.230711467
   29.898616832    0.230748034    0.230725152
   29.933261811    0.230759744    0.230738080
   29.967906790    0.230770186    0.230750291
   30.002551769    0.230779688    0.230761846
   30.037196748    0.230788702    0.230772819
   30.071841727    0.230797659    0.230783284
   30.106486706    0.230806828    0.230793294
   30.141131685    0.230816239    0.230802880
   30.175776664    0.230825680    0.230812044
   30.210421643    0.230834783    0.230820771
   30.245066622    0.230843158    0.230829038
   30.279711601    0.230850534    0.230836838
   30.314356580    0.230856857    0.230844178
   30.349001559    0.230862311    0.230851096
   30.383646538    0.230867262    0.230857644
   30.418291517    0.230872133    0.230863881
   30.452936496    0.230877266    0.230869860
   30.487581475    0.230882810    0.230875612
   30.522226454    0.230888678    0.230881144
   30.556871432    0.230894583    0.230886440
   30.591516411    0.230900143    0.230891473
   30.626161390    0.230905020    0.230896218
   30.660806369    0.230909032    0.230900666
   30.695451348    0.230912227    0.230904830
   30.730096327    0.230914860    0.230908746
   30.764741306    0.230917312    0.230912460
   30.799386285    0.230919958    0.230916023
   30.834031264    0.230923045    0.230919469
   30.868676243    0.230926609    0.230922811
   30.903321222    0.230930468    0.230926041
   30.937966201    0.230934291    0.230929132
   30.972611180    0.230937714    0.230932053
   31.007256159    0.230940467    0.230934781
   31.041901138    0.230942468    0.230937313
   31.076546117    0.230943855    0.230939666
   31.111191096    0.230944931    0.230941878
   31.145836075    0.230946070    0.230943992
   31.180481054    0.230947583    0.230946046
   31.215126033    0.230949616    0.230948061
   31.249771011    0.230952103    0.230950037
   31.284415990    0.230954794    0.230951954
   31.319060969    0.230957341    0.230953779
   31.353705948    0.230959421    0.230955484
   31.388350927    0.230960849    0.230957050
   31.422995906    0.230961638    0.230958482
   31.457640885    0.230961999    0.230959803
   31.492285864    0.230962264    0.230961051
   31.526930843    0.230962773    0.230962264
   31.561575822    0.230963759    0.230963469
   31.596220801    0.230965270    0.230964676
   31.630865780    0.230967155    0.230965873
   31.665510759    0.230969119    0.230967032
   31.700155738    0.230970825    0.230968122
   31.734800717    0.230972011    0.230969117
   31.769445696    0.230972583    0.230970008
   31.804090675    0.230972642    0.230970805
   31.838735654    0.230972451    0.230971538
   31.873380633    0.230972344    0.230972243
   31.908025611    0.230972610    0.230972950
   31.942670590    0.230973396    0.230973679
   31.977315569    0.230974657    0.230974426
   32.011960548    0.230976175    0.230975173
   32.046605527    0.230977635    0.230975888
   32.081250506    0.230978736    0.230976542
   32.115895485    0.230979292    0.230977116
   32.150540464    0.230979301    0.230977609
   32.185185443    0.230978936    0.230978040
   32.219830422    0.230978493    0.230978440
   32.254475401    0.230978283    0.230978842
   32.289120380    0.230978528    0.230979270
   32.323765359    0.230979283    0.230979731
   32.358410338    0.230980422    0.230980216
   32.393055317    0.230981681    0.230980698
   32.427700296    0.230982750    0.230981147
   32.462345275    0.230983381    0.230981536
   32.496990254    0.230983476    0.230981856
   32.531635233    0.230983115    0.230982114
   32.566280211    0.230982531    0.230982335
   32.600925190    0.230982027    0.230982549
   32.635570169    0.230981873    0.230982787
   32.670215148    0.230982211    0.230983063
   32.704860127    0.230983009    0.230983376
   32.739505106    0.230984073    0.230983708
   32.774150085    0.230985114    0.230984029
   32.808795064    0.230985848    0.230984311
   32.843440043    0.230986099    0.230984534
   32.878085022    0.230985850    0.230984698
   32.912730001    0.230985259    0.230984816
   32.947374980    0.230984594    0.230984918
   32.982019959    0.230984146    0.230985031
   33.016664938    0.230984129    0.230985180
   33.051309917    0.230984601    0.230985372
   33.085954896    0.230985451    0.230985596
   33.120599875    0.230986437    0.230985829
   33.155244854    0.230987267    0.230986041
   33.189889833    0.230987704    0.230986208
   33.224534812    0.230987643    0.230986319
   33.259179790    0.230987151    0.230986380
   33.293824769    0.230986439    0.230986413
   33.328469748    0.230985791    0.230986446
   33.363114727    0.230985465    0.230986506
   33.397759706    0.230985605    0.230986609
   33.432404685    0.230986189    0.230986754
   33.467049664    0.230987043    0.230986922
   33.501694643    0.230987898    0.230987089
   33.536339622    0.230988486    0.230987224
   33.570984601    0.230988630    0.230987311
   33.605629580    0.230988307    0.230987347
   33.640274559    0.230987652    0.230987344
   33.674919538    0.230986917    0.230987328
   33.709564517    0.230986374    0.230987328
   33.744209496    0.230986231    0.230987365
   33.778854475    0.230986553    0.230987447
   33.813499454    0.230987245    0.230987565
   33.848144433    0.230988083    0.230987697
   33.882789412    0.230988794    0.230987814
   33.917434390    0.230989150    0.230987894
   33.952079369    0.230989044    0.230987926
   33.986724348    0.230988529    0.230987914
   34.021369327    0.230987801    0.230987877
   34.056014306    0.230987124    0.230987843
   34.090659285    0.230986744    0.230987836
   34.125304264    0.230986804    0.230987873
   34.159949243    0.230987291    0.230987952
   34.194594222    0.230988048    0.230988058
   34.229239201    0.230988821    0.230988166
   34.263884180    0.230989355    0.230988249
   34.298529159    0.230989475    0.230988289
   34.333174138    0.230989153    0.230988283
   34.367819117    0.230988510    0.230988243
   34.402464096    0.230987778    0.230988191
   34.437109075    0.230987219    0.230988155
   34.471754054    0.230987033    0.230988156
   34.506399033    0.230987291    0.230988201
   34.541044012    0.230987907    0.230988282
   34.575688991    0.230988676    0.230988379
   34.610333969    0.230989337    0.230988465
   34.644978948    0.230989669    0.230988518
   34.679623927    0.230989566    0.230988526
   34.714268906    0.230989070    0.230988492
   34.748913885    0.230988361    0.230988436
   34.783558864    0.230987691    0.230988382
   34.818203843    0.230987295    0.230988355
   34.852848822    0.230987314    0.230988369
   34.887493801    0.230987746    0.230988425
   34.922138780    0.230988444    0.230988508
   34.956783759    0.230989170    0.230988594
   34.991428738    0.230989678    0.230988659
   35.026073717    0.230989797    0.230988683
   35.060718696    0.230989493    0.230988665
   35.095363675    0.230988875    0.230988613
   35.130008654    0.230988164    0.230988551
   35.164653633    0.230987607    0.230988504
   35.199298612    0.230987402    0.230988491
   35.233943591    0.230987620    0.230988521
   35.268588569    0.230988188    0.230988587
   35.303233548    0.230988912    0.230988668
   35.337878527    0.230989544    0.230988742
   35.372523506    0.230989868    0.230988784
   35.407168485    0.230989778    0.230988783
   35.441813464    0.230989308    0.230988744
   35.476458443    0.230988625    0.230988682
   35.511103422    0.230987969    0.230988622
   35.545748401    0.230987569    0.230988588
   35.580393380    0.230987565    0.230988592
   35.615038359    0.230987958    0.230988638
   35.649683338    0.230988615    0.230988710
   35.684328317    0.230989309    0.230988787
   35.718973296    0.230989802    0.230988843
   35.753618275    0.230989927    0.230988863
   35.788263254    0.230989644    0.230988841
   35.822908233    0.230989054    0.230988787
   35.857553212    0.230988365    0.230988722
   35.892198191    0.230987816    0.230988671
   35.926843169    0.230987600    0.230988653
   35.961488148    0.230987791    0.230988676
   35.996133127    0.230988324    0.230988734
   36.030778106    0.230989015    0.230988808
   36.065423085    0.230989626    0.230988875
   36.100068064    0.230989948    0.230988913
   36.134713043    0.230989872    0.230988910
   36.169358022    0.230989427    0.230988870
   36.204003001    0.230988770    0.230988808
   36.238647980    0.230988130    0.230988746
   36.273292959    0.230987730    0.230988709
   36.307937938    0.230987709    0.230988709
   36.342582917    0.230988074    0.230988749
   36.377227896    0.230988700    0.230988816
   36.411872875    0.230989370    0.230988887
   36.446517854    0.230989853    0.230988940
   36.481162833    0.230989985    0.230988958
   36.515807812    0.230989722    0.230988935
   36.550452791    0.230989157    0.230988882
   36.585097770    0.230988489    0.230988817
   36.619742748    0.230987948    0.230988765
   36.654387727    0.230987725    0.230988744
   36.689032706    0.230987895    0.230988764
   36.723677685    0.230988400    0.230988817
   36.758322664    0.230989066    0.230988887
   36.792967643    0.230989662    0.230988951
   36.827612622    0.230989984    0.230988987
   36.862257601    0.230989922    0.230988984
   36.896902580    0.230989499    0.230988945
   36.931547559    0.230988864    0.230988883
   36.966192538    0.230988238    0.230988822
   37.000837517    0.230987839    0.230988783
   37.035482496    0.230987805    0.230988781
   37.070127475    0.230988147    0.230988818
   37.104772454    0.230988748    0.230988881
   37.139417433    0.230989399    0.230988949
   37.174062412    0.230989876    0.230989000
   37.208707391    0.230990015    0.230989017
   37.243352370    0.230989770    0.230988995
   37.277997348    0.230989227    0.230988943
   37.312642327    0.230988576    0.230988879
   37.347287306    0.230988043    0.230988827
   37.381932285    0.230987813    0.230988805
   37.416577264    0.230987967    0.230988822
   37.451222243    0.230988450    0.230988872
   37.485867222    0.230989095    0.230988939
   37.520512201    0.230989679    0.230989001
   37.555157180    0.230990002    0.230989036
   37.589802159    0.230989952    0.230989033
   37.624447138    0.230989549    0.230988995
   37.659092117    0.230988933    0.230988935
   37.693737096    0.230988319    0.230988874
   37.728382075    0.230987920    0.230988835
   37.763027054    0.230987875    0.230988832
   37.797672033    0.230988199    0.230988865
   37.832317012    0.230988779    0.230988926
   37.866961991    0.230989416    0.230988992
   37.901606970    0.230989888    0.230989042
   37.936251948    0.230990034    0.230989059
   37.970896927    0.230989804    0.230989038
   38.005541906    0.230989279    0.230988986
   38.040186885    0.230988642    0.230988924
   38.074831864    0.230988115    0.230988871
   38.109476843    0.230987881    0.230988849
   38.144121822    0.230988020    0.230988864
   38.178766801    0.230988484    0.230988912
   38.213411780    0.230989113    0.230988977
   38.248056759    0.230989689    0.230989037
   38.282701738    0.230990013    0.230989071
   38.317346717    0.230989974    0.230989069
   38.351991696    0.230989586    0.230989032
   38.386636675    0.230988986    0.230988973
   38.421281654    0.230988382    0.230988913
   38.455926633    0.230987983    0.230988873
   38.490571612    0.230987928    0.230988869
   38.525216591    0.230988236    0.230988901
   38.559861570    0.230988800    0.230988959
   38.594506549    0.230989425    0.230989023
   38.629151527    0.230989894    0.230989072
   38.663796506    0.230990047    0.230989089
   38.698441485    0.230989830    0.230989069
   38.733086464    0.230989320    0.230989019
   38.767731443    0.230988695    0.230988957
   38.802376422    0.230988172    0.230988905
   38.837021401    0.230987932    0.230988882
   38.871666380    0.230988059    0.230988895
   38.906311359    0.230988508    0.230988941
   38.940956338    0.230989124    0.230989004
   38.975601317    0.230989693    0.230989063
   39.010246296    0.230990019    0.230989098
   39.044891275    0.230989990    0.230989096
   39.079536254    0.230989617    0.230989060
   39.114181233    0.230989029    0.230989001
   39.148826212    0.230988431    0.230988942
   39.183471191    0.230988031    0.230988902
   39.218116170    0.230987968    0.230988896
   39.252761149    0.230988262    0.230988927
   39.287406127    0.230988813    0.230988983
   39.322051106    0.230989429    0.230989046
   39.356696085    0.230989897    0.230989095
   39.391341064    0.230990056    0.230989112
   39.425986043    0.230989850    0.230989092
   39.460631022    0.230989353    0.230989043
   39.495276001    0.230988737    0.230988982
   39.529920980    0.230988216    0.230988930
   39.564565959    0.230987971    0.230988905
   39.599210938    0.230988086    0.230988918
   39.633855917    0.230988523    0.230988962
   39.668500896    0.230989128    0.230989024
   39.703145875    0.230989694    0.230989082
   39.737790854    0.230990023    0.230989116
   39.772435833    0.230990003    0.230989115
   39.807080812    0.230989640    0.230989080
   39.841725791    0.230989062    0.230989022
   39.876370770    0.230988469    0.230988963
   39.911015749    0.230988067    0.230988923
   39.945660728    0.230987995    0.230988916
   39.980305706    0.230988278    0.230988945
   40.014950685    0.230988819    0.230989000
   40.049595664    0.230989429    0.230989062
   40.084240643    0.230989897    0.230989110
   40.118885622    0.230990062    0.230989128
   40.153530601    0.230989866    0.230989109
   40.188175580    0.230989379    0.230989060
   40.222820559    0.230988769    0.230988999
   40.257465538    0.230988248    0.230988947
   40.292110517    0.230987997    0.230988922
   40.326755496    0.230988103    0.230988933
   40.361400475    0.230988529    0.230988976
   40.396045454    0.230989127    0.230989037
   40.430690433    0.230989691    0.230989094
   40.465335412    0.230990024    0.230989129
   40.499980391    0.230990012    0.230989128
   40.534625370    0.230989659    0.230989093
   40.569270349    0.230989088    0.230989036
   40.603915328    0.230988498    0.230988976
   40.638560306    0.230988092    0.230988936
   40.673205285    0.230988012    0.230988928
   40.707850264    0.230988285    0.230988956
   40.742495243    0.230988817    0.230989010
   40.777140222    0.230989424    0.230989071
   40.811785201    0.230989894    0.230989119
   40.846430180    0.230990066    0.230989137
   40.881075159    0.230989879    0.230989118
   40.915720138    0.230989399    0.230989070
   40.950365117    0.230988793    0.230989009
   40.985010096    0.230988270    0.230988957
   41.019655075    0.230988013    0.230988931
   41.054300054    0.230988109    0.230988941
   41.088945033    0.230988527    0.230988983
   41.123590012    0.230989120    0.230989043
   41.158234991    0.230989684    0.230989100
   41.192879970    0.230990023    0.230989135
   41.227524949    0.230990019    0.230989134
   41.262169928    0.230989674    0.230989100
   41.296814906    0.230989108    0.230989043
   41.331459885    0.230988517    0.230988983
   41.366104864    0.230988106    0.230988942
   41.400749843    0.230988018    0.230988933
   41.435394822    0.230988283    0.230988960
   41.470039801    0.230988809    0.230989013
   41.504684780    0.230989414    0.230989074
   41.539329759    0.230989888    0.230989122
