    0.000000000    0.282320536    0.282321335
    0.028345892    0.282320639    0.282321344
    0.056691784    0.282320922    0.282321371
    0.085037676    0.282321321    0.282321408
    0.113383567    0.282321743    0.282321448
    0.141729459    0.282322090    0.282321480
    0.170075351    0.282322281    0.282321498
    0.198421243    0.282322272    0.282321497
    0.226767135    0.282322065    0.282321477
    0.255113027    0.282321708    0.282321443
    0.283458919    0.282321284    0.282321403
    0.311804811    0.282320890    0.282321366
    0.340150702    0.282320619    0.282321340
    0.368496594    0.282320533    0.282321332
    0.396842486    0.282320652    0.282321342
    0.425188378    0.282320948    0.282321370
    0.453534270    0.282321353    0.282321407
    0.481880162    0.282321772    0.282321446
    0.510226054    0.282322109    0.282321477
    0.538571945    0.282322284    0.282321493
    0.566917837    0.282322257    0.282321489
    0.595263729    0.282322034    0.282321468
    0.623609621    0.282321667    0.282321432
    0.651955513    0.282321239    0.282321391
    0.680301405    0.282320851    0.282321354
    0.708647297    0.282320592    0.282321329
    0.736993189    0.282320522    0.282321322
    0.765339080    0.282320658    0.282321334
    0.793684972    0.282320967    0.282321362
    0.822030864    0.282321378    0.282321400
    0.850376756    0.282321795    0.282321438
    0.878722648    0.282322122    0.282321467
    0.907068540    0.282322282    0.282321481
    0.935414432    0.282322237    0.282321475
    0.963760323    0.282321997    0.282321451
    0.992106215    0.282321618    0.282321414
    1.020452107    0.282321188    0.282321372
    1.048797999    0.282320804    0.282321335
    1.077143891    0.282320558    0.282321311
    1.105489783    0.282320504    0.282321304
    1.133835675    0.282320656    0.282321318
    1.162181567    0.282320978    0.282321347
    1.190527458    0.282321396    0.282321384
    1.218873350    0.282321811    0.282321421
    1.247219242    0.282322128    0.282321449
    1.275565134    0.282322272    0.282321461
    1.303911026    0.282322208    0.282321452
    1.332256918    0.282321952    0.282321426
    1.360602810    0.282321562    0.282321387
    1.388948701    0.282321127    0.282321344
    1.417294593    0.282320748    0.282321307
    1.445640485    0.282320513    0.282321283
    1.473986377    0.282320476    0.282321278
    1.502332269    0.282320645    0.282321292
    1.530678161    0.282320980    0.282321321
    1.559024053    0.282321405    0.282321359
    1.587369945    0.282321818    0.282321395
    1.615715836    0.282322125    0.282321421
    1.644061728    0.282322252    0.282321430
    1.672407620    0.282322170    0.282321419
    1.700753512    0.282321896    0.282321390
    1.729099404    0.282321493    0.282321348
    1.757445296    0.282321054    0.282321304
    1.785791188    0.282320679    0.282321266
    1.814137079    0.282320456    0.282321242
    1.842482971    0.282320435    0.282321238
    1.870828863    0.282320621    0.282321252
    1.899174755    0.282320970    0.282321282
    1.927520647    0.282321401    0.282321319
    1.955866539    0.282321813    0.282321354
    1.984212431    0.282322109    0.282321378
    2.012558323    0.282322220    0.282321384
    2.040904214    0.282322118    0.282321369
    2.069250106    0.282321826    0.282321337
    2.097595998    0.282321410    0.282321294
    2.125941890    0.282320965    0.282321247
    2.154287782    0.282320593    0.282321208
    2.182633674    0.282320381    0.282321184
    2.210979566    0.282320376    0.282321180
    2.239325457    0.282320578    0.282321194
    2.267671349    0.282320941    0.282321224
    2.296017241    0.282321379    0.282321260
    2.324363133    0.282321789    0.282321293
    2.352709025    0.282322074    0.282321313
    2.381054917    0.282322168    0.282321316
    2.409400809    0.282322045    0.282321297
    2.437746701    0.282321733    0.282321261
    2.466092592    0.282321302    0.282321214
    2.494438484    0.282320851    0.282321165
    2.522784376    0.282320482    0.282321124
    2.551130268    0.282320279    0.282321099
    2.579476160    0.282320290    0.282321094
    2.607822052    0.282320509    0.282321108
    2.636167944    0.282320885    0.282321136
    2.664513836    0.282321329    0.282321170
    2.692859727    0.282321736    0.282321200
    2.721205619    0.282322010    0.282321216
    2.749551511    0.282322085    0.282321214
    2.777897403    0.282321940    0.282321190
    2.806243295    0.282321606    0.282321149
    2.834589187    0.282321158    0.282321097
    2.862935079    0.282320698    0.282321044
    2.891280970    0.282320330    0.282321000
    2.919626862    0.282320137    0.282320972
    2.947972754    0.282320162    0.282320965
    2.976318646    0.282320397    0.282320976
    3.004664538    0.282320786    0.282321002
    3.033010430    0.282321236    0.282321032
    3.061356322    0.282321639    0.282321057
    3.089702214    0.282321900    0.282321068
    3.118048105    0.282321953    0.282321059
    3.146393997    0.282321783    0.282321028
    3.174739889    0.282321426    0.282320979
    3.203085781    0.282320959    0.282320920
    3.231431673    0.282320487    0.282320861
    3.259777565    0.282320118    0.282320811
    3.288123457    0.282319932    0.282320779
    3.316469348    0.282319970    0.282320767
    3.344815240    0.282320219    0.282320774
    3.373161132    0.282320619    0.282320794
    3.401507024    0.282321073    0.282320818
    3.429852916    0.282321471    0.282320836
    3.458198808    0.282321715    0.282320838
    3.486544700    0.282321745    0.282320818
    3.514890592    0.282321546    0.282320777
    3.543236483    0.282321159    0.282320717
    3.571582375    0.282320669    0.282320648
    3.599928267    0.282320182    0.282320578
    3.628274159    0.282319807    0.282320519
    3.656620051    0.282319625    0.282320478
    3.684965943    0.282319673    0.282320457
    3.713311835    0.282319934    0.282320455
    3.741657726    0.282320342    0.282320466
    3.770003618    0.282320796    0.282320479
    3.798349510    0.282321184    0.282320484
    3.826695402    0.282321408    0.282320473
    3.855041294    0.282321407    0.282320438
    3.883387186    0.282321174    0.282320381
    3.911733078    0.282320752    0.282320304
    3.940078970    0.282320231    0.282320218
    3.968424861    0.282319723    0.282320132
    3.996770753    0.282319336    0.282320057
    4.025116645    0.282319152    0.282320000
    4.053462537    0.282319204    0.282319964
    4.081808429    0.282319471    0.282319945
    4.110154321    0.282319882    0.282319938
    4.138500213    0.282320331    0.282319931
    4.166846104    0.282320702    0.282319914
    4.195191996    0.282320898    0.282319878
    4.223537888    0.282320859    0.282319817
    4.251883780    0.282320581    0.282319730
    4.280229672    0.282320115    0.282319624
    4.308575564    0.282319554    0.282319507
    4.336921456    0.282319013    0.282319390
    4.365267348    0.282318605    0.282319283
    4.393613239    0.282318408    0.282319194
    4.421959131    0.282318453    0.282319125
    4.450305023    0.282318715    0.282319073
    4.478650915    0.282319115    0.282319030
    4.506996807    0.282319543    0.282318986
    4.535342699    0.282319880    0.282318929
    4.563688591    0.282320026    0.282318850
    4.592034482    0.282319924    0.282318744
    4.620380374    0.282319575    0.282318611
    4.648726266    0.282319033    0.282318456
    4.677072158    0.282318398    0.282318290
    4.705418050    0.282317791    0.282318123
    4.733763942    0.282317325    0.282317966
    4.762109834    0.282317081    0.282317825
    4.790455726    0.282317086    0.282317704
    4.818801617    0.282317311    0.282317597
    4.847147509    0.282317671    0.282317497
    4.875493401    0.282318051    0.282317392
    4.903839293    0.282318329    0.282317271
    4.932185185    0.282318405    0.282317124
    4.960531077    0.282318223    0.282316947
    4.988876969    0.282317787    0.282316739
    5.017222860    0.282317158    0.282316508
    5.045568752    0.282316440    0.282316264
    5.073914644    0.282315759    0.282316017
    5.102260536    0.282315229    0.282315779
    5.130606428    0.282314930    0.282315556
    5.158952320    0.282314884    0.282315349
    5.187298212    0.282315056    0.282315155
    5.215644104    0.282315356    0.282314964
    5.243989995    0.282315662    0.282314765
    5.272335887    0.282315849    0.282314543
    5.300681779    0.282315815    0.282314292
    5.329027671    0.282315507    0.282314004
    5.357373563    0.282314936    0.282313682
    5.385719455    0.282314168    0.282313333
    5.414065347    0.282313316    0.282312965
    5.442411238    0.282312509    0.282312593
    5.470757130    0.282311865    0.282312225
    5.499103022    0.282311461    0.282311869
    5.527448914    0.282311318    0.282311524
    5.555794806    0.282311392    0.282311187
    5.584140698    0.282311585    0.282310846
    5.612486590    0.282311768    0.282310489
    5.640832482    0.282311809    0.282310102
    5.669178373    0.282311606    0.282309677
    5.697524265    0.282311108    0.282309207
    5.725870157    0.282310329    0.282308694
    5.754216049    0.282309344    0.282308146
    5.782561941    0.282308273    0.282307573
    5.810907833    0.282307253    0.282306987
    5.839253725    0.282306405    0.282306400
    5.867599616    0.282305808    0.282305817
    5.895945508    0.282305476    0.282305238
    5.924291400    0.282305359    0.282304656
    5.952637292    0.282305351    0.282304061
    5.980983184    0.282305314    0.282303437
    6.009329076    0.282305110    0.282302771
    6.037674968    0.282304633    0.282302052
    6.066020860    0.282303832    0.282301275
    6.094366751    0.282302728    0.282300442
    6.122712643    0.282301401    0.282299559
    6.151058535    0.282299980    0.282298639
    6.179404427    0.282298608    0.282297694
    6.207750319    0.282297412    0.282296734
    6.236096211    0.282296470    0.282295764
    6.264442103    0.282295795    0.282294783
    6.292787994    0.282295328    0.282293784
    6.321133886    0.282294953    0.282292753
    6.349479778    0.282294525    0.282291675
    6.377825670    0.282293897    0.282290533
    6.406171562    0.282292960    0.282289317
    6.434517454    0.282291663    0.282288020
    6.462863346    0.282290029    0.282286644
    6.491209238    0.282288149    0.282285195
    6.519555129    0.282286156    0.282283686
    6.547901021    0.282284204    0.282282128
    6.576246913    0.282282421    0.282280532
    6.604592805    0.282280886    0.282278901
    6.632938697    0.282279608    0.282277233
    6.661284589    0.282278521    0.282275518
    6.689630481    0.282277499    0.282273740
    6.717976372    0.282276385    0.282271881
    6.746322264    0.282275025    0.282269925
    6.774668156    0.282273304    0.282267857
    6.803014048    0.282271172    0.282265671
    6.831359940    0.282268655    0.282263366
    6.859705832    0.282265850    0.282260950
    6.888051724    0.282262902    0.282258432
    6.916397616    0.282259967    0.282255825
    6.944743507    0.282257182    0.282253137
    6.973089399    0.282254622    0.282250370
    7.001435291    0.282252292    0.282247518
    7.029781183    0.282250116    0.282244569
    7.058127075    0.282247957    0.282241505
    7.086472967    0.282245643    0.282238303
    7.114818859    0.282243013    0.282234945
    7.143164751    0.282239944    0.282231412
    7.171510642    0.282236386    0.282227696
    7.199856534    0.282232368    0.282223796
    7.228202426    0.282227995    0.282219715
    7.256548318    0.282223419    0.282215464
    7.284894210    0.282218805    0.282211050
    7.313240102    0.282214292    0.282206480
    7.341585994    0.282209956    0.282201753
    7.369931885    0.282205792    0.282196860
    7.398277777    0.282201713    0.282191783
    7.426623669    0.282197567    0.282186498
    7.454969561    0.282193168    0.282180979
    7.483315453    0.282188340    0.282175200
    7.511661345    0.282182953    0.282169141
    7.540007237    0.282176952    0.282162788
    7.568353129    0.282170372    0.282156136
    7.596699020    0.282163322    0.282149186
    7.625044912    0.282155964    0.282141942
    7.653390804    0.282148470    0.282134410
    7.681736696    0.282140980    0.282126590
    7.710082588    0.282133569    0.282118476
    7.738428480    0.282126220    0.282110052
    7.766774372    0.282118832    0.282101293
    7.795120263    0.282111231    0.282092166
    7.823466155    0.282103213    0.282082637
    7.851812047    0.282094583    0.282072673
    7.880157939    0.282085197    0.282062245
    7.908503831    0.282074998    0.282051331
    7.936849723    0.282064017    0.282039919
    7.965195615    0.282052371    0.282028003
    7.993541507    0.282040228    0.282015582
    8.021887398    0.282027766    0.282002651
    8.050233290    0.282015125    0.281989203
    8.078579182    0.282002373    0.281975221
    8.106925074    0.281989481    0.281960678
    8.135270966    0.281976324    0.281945536
    8.163616858    0.281962702    0.281929751
    8.191962750    0.281948383    0.281913273
    8.220308641    0.281933148    0.281896056
    8.248654533    0.281916835    0.281878057
    8.277000425    0.281899372    0.281859243
    8.305346317    0.281880790    0.281839587
    8.333692209    0.281861206    0.281819071
    8.362038101    0.281840791    0.281797680
    8.390383993    0.281819728    0.281775395
    8.418729885    0.281798153    0.281752194
    8.447075776    0.281776121    0.281728041
    8.475421668    0.281753582    0.281702891
    8.503767560    0.281730380    0.281676684
    8.532113452    0.281706279    0.281649355
    8.560459344    0.281681008    0.281620832
    8.588805236    0.281654311    0.281591043
    8.617151128    0.281625998    0.281559925
    8.645497019    0.281595975    0.281527420
    8.673842911    0.281564260    0.281493478
    8.702188803    0.281530967    0.281458058
    8.730534695    0.281496264    0.281421119
    8.758880587    0.281460328    0.281382618
    8.787226479    0.281423284    0.281342503
    8.815572371    0.281385165    0.281300708
    8.843918263    0.281345886    0.281257155
    8.872264154    0.281305243    0.281211750
    8.900610046    0.281262948    0.281164388
    8.928955938    0.281218672    0.281114959
    8.957301830    0.281172103    0.281063353
    8.985647722    0.281123002    0.281009464
    9.013993614    0.281071239    0.280953194
    9.042339506    0.281016803    0.280894453
    9.070685397    0.280959787    0.280833156
    9.099031289    0.280900345    0.280769219
    9.127377181    0.280838632    0.280702551
    9.155723073    0.280774746    0.280633051
    9.184068965    0.280708680    0.280560601
    9.212414857    0.280640288    0.280485065
    9.240760749    0.280569298    0.280406288
    9.269106641    0.280495336    0.280324103
    9.297452532    0.280417985    0.280238331
    9.325798424    0.280336847    0.280148796
    9.354144316    0.280251604    0.280055322
    9.382490208    0.280162059    0.279957739
    9.410836100    0.280068146    0.279855884
    9.439181992    0.279969913    0.279749598
    9.467527884    0.279867471    0.279638720
    9.495873775    0.279760933    0.279523076
    9.524219667    0.279650339    0.279402479
    9.552565559    0.279535607    0.279276719
    9.580911451    0.279416499    0.279145560
    9.609257343    0.279292625    0.279008744
    9.637603235    0.279163484    0.278865993
    9.665949127    0.279028520    0.278717017
    9.694295019    0.278887198    0.278561520
    9.722640910    0.278739072    0.278399204
    9.750986802    0.278583827    0.278229777
    9.779332694    0.278421296    0.278052947
    9.807678586    0.278251438    0.277868423
    9.836024478    0.278074276    0.277675907
    9.864370370    0.277889831    0.277475081
    9.892716262    0.277698036    0.277265606
    9.921062153    0.277498674    0.277047108
    9.949408045    0.277291348    0.276819182
    9.977753937    0.277075479    0.276581389
   10.006099829    0.276850352    0.276333262
   10.034445721    0.276615187    0.276074311
   10.062791613    0.276369221    0.275804037
   10.091137505    0.276111785    0.275521930
   10.119483397    0.275842362    0.275227480
   10.147829288    0.275560596    0.274920174
   10.176175180    0.275266268    0.274599488
   10.204521072    0.274959235    0.274264883
   10.232866964    0.274639333    0.273915789
   10.261212856    0.274306293    0.273551601
   10.289558748    0.273959664    0.273171666
   10.317904640    0.273598767    0.272775282
   10.346250531    0.273222706    0.272361697
   10.374596423    0.272830414    0.271930119
   10.402942315    0.272420732    0.271479717
   10.431288207    0.271992515    0.271009639
   10.459634099    0.271544720    0.270519013
   10.487979991    0.271076469    0.270006952
   10.516325883    0.270587071    0.269472557
   10.544671775    0.270075988    0.268914904
   10.573017666    0.269542759    0.268333037
   10.601363558    0.268986896    0.267725952
   10.629709450    0.268407770    0.267092585
   10.658055342    0.267804521    0.266431802
   10.686401234    0.267176006    0.265742393
   10.714747126    0.266520797    0.265023073
   10.743093018    0.265837243    0.264272489
   10.771438909    0.265123567    0.263489230
   10.799784801    0.264377985    0.262671838
   10.828130693    0.263598819    0.261818819
   10.856476585    0.262784578    0.260928644
   10.884822477    0.261933986    0.259999749
   10.913168369    0.261045939    0.259030527
   10.941514261    0.260119420    0.258019309
   10.969860153    0.259153365    0.256964346
   10.998206044    0.258146523    0.255863794
   11.026551936    0.257097336    0.254715696
   11.054897828    0.256003870    0.253517979
   11.083243720    0.254863809    0.252268447
   11.111589612    0.253674525    0.250964798
   11.139935504    0.252433194    0.249604632
   11.168281396    0.251136950    0.248185467
   11.196627287    0.249783032    0.246704755
   11.224973179    0.248368889    0.245159884
   11.253319071    0.246892224    0.243548179
   11.281664963    0.245350952    0.241866884
   11.310010855    0.243743089    0.240113145
   11.338356747    0.242066579    0.238283975
   11.366702639    0.240319113    0.236376233
   11.395048531    0.238497960    0.234386596
   11.423394422    0.236599861    0.232311546
   11.451740314    0.234621014    0.230147373
   11.480086206    0.232557145    0.227890187
   11.508432098    0.230403664    0.225535937
   11.536777990    0.228155869    0.223080444
   11.565123882    0.225809157    0.220519429
   11.593469774    0.223359183    0.217848524
   11.621815665    0.220801946    0.215063276
   11.650161557    0.218133752    0.212159125
   11.678507449    0.215351073    0.209131358
   11.706853341    0.212450320    0.205975042
   11.735199233    0.209427562    0.202684942
   11.763545125    0.206278266    0.199255429
   11.791891017    0.202997106    0.195680389
   11.820236909    0.199577885    0.191953143
   11.848582800    0.196013603    0.188066380
   11.876928692    0.192296666    0.184012123
   11.905274584    0.188419196    0.179781714
   11.933620476    0.184373386    0.175365822
   11.961966368    0.180151833    0.170754488
   11.990312260    0.175747767    0.165937170
   12.018658152    0.171155109    0.160902823
   12.047004044    0.166368335    0.155639974
   12.075349935    0.161382126    0.150136815
   12.103695827    0.156190847    0.144381291
   12.132041719    0.150787908    0.138361198
   12.160387611    0.145165097    0.132064277
   12.188733503    0.139311973    0.125478306
   12.217079395    0.133215398    0.118591185
   12.245425287    0.126859280    0.111391006
   12.273771178    0.120224561    0.103866108
   12.302117070    0.113289449    0.096005101
   12.330462962    0.106029876    0.087796870
   12.358808854    0.098420135    0.079230535
   12.387154746    0.090433627    0.070295393
   12.415500638    0.082043669    0.060980829
   12.443846530    0.073224298    0.051276226
   12.472192422    0.063951025    0.041170872
   12.500538313    0.054201517    0.030653898
   12.528884205    0.043956173    0.019714254
   12.557230097    0.033198580    0.008340740
   12.585575989    0.021915832   -0.003477896
   12.613921881    0.010098685   -0.015752796
   12.642267773   -0.002258478   -0.028494769
   12.670613665   -0.015157896   -0.041714026
   12.698959556   -0.028598913   -0.055419876
   12.727305448   -0.042578701   -0.069620434
   12.755651340   -0.057093188   -0.084322337
   12.783997232   -0.072138125   -0.099530496
   12.812343124   -0.087710208   -0.115247910
   12.840689016   -0.103808115   -0.131475523
   12.869034908   -0.120433316   -0.148212155
   12.897380800   -0.137590533   -0.165454474
   12.925726691   -0.155287728   -0.183197008
   12.954072583   -0.173535558   -0.201432191
   12.982418475   -0.192346318   -0.220150414
   13.010764367   -0.211732431   -0.239340085
   13.039110259   -0.231704646   -0.258987685
   13.067456151   -0.252270124   -0.279077826
   13.095802043   -0.273430650   -0.299593297
   13.124147934   -0.295181177   -0.320515124
   13.152493826   -0.317508869   -0.341822629
   13.180839718   -0.340392777   -0.363493504
   13.209185610   -0.363804148   -0.385503882
   13.237531502   -0.387707316   -0.407828426
   13.265877394   -0.412061028   -0.430440394
   13.294223286   -0.436820017   -0.453311699
   13.322569178   -0.461936584   -0.476412941
   13.350915069   -0.487361997   -0.499713406
   13.379260961   -0.513047527   -0.523181031
   13.407606853   -0.538945037   -0.546782344
   13.435952745   -0.565007109   -0.570482393
   13.464298637   -0.591186770   -0.594244668
   13.492644529   -0.617436952   -0.618031058
   13.520990421   -0.643709850   -0.641801839
   13.549336312   -0.669956347   -0.665515730
   13.577682204   -0.696125656   -0.689130010
   13.606028096   -0.722165256   -0.712600709
   13.634373988   -0.748021166   -0.735882851
   13.662719880   -0.773638491   -0.758930749
   13.691065772   -0.798962163   -0.781698319
   13.719411664   -0.823937731   -0.804139383
   13.747757556   -0.848512054   -0.826207956
   13.776103447   -0.872633808   -0.847858489
   13.804449339   -0.896253699   -0.869046053
   13.832795231   -0.919324390   -0.889726478
   13.861141123   -0.941800176   -0.909856441
   13.889487015   -0.963636500   -0.929393527
   13.917832907   -0.984789427   -0.948296276
   13.946178799   -1.005215196   -0.966524229
   13.974524690   -1.024869960   -0.984038007
   14.002870582   -1.043709772   -1.000799402
   14.031216474   -1.061690830   -1.016771506
   14.059562366   -1.078769934   -1.031918865
   14.087908258   -1.094905090   -1.046207643
   14.116254150   -1.110056141   -1.059605781
   14.144600042   -1.124185332   -1.072083151
   14.172945934   -1.137257721   -1.083611669
   14.201291825   -1.149241378   -1.094165388
   14.229637717   -1.160107388   -1.103720548
   14.257983609   -1.169829679   -1.112255604
   14.286329501   -1.178384759   -1.119751231
   14.314675393   -1.185751451   -1.126190328
   14.343021285   -1.191910702   -1.131558024
   14.371367177   -1.196845544   -1.135841699
   14.399713068   -1.200541223   -1.139031031
   14.428058960   -1.202985488   -1.141118050
   14.456404852   -1.204168999   -1.142097209
   14.484750744   -1.204085754   -1.141965456
   14.513096636   -1.202733489   -1.140722297
   14.541442528   -1.200113928   -1.138369827
   14.569788420   -1.196232876   -1.134912746
   14.598134312   -1.191100109   -1.130358334
   14.626480203   -1.184729099   -1.124716393
   14.654826095   -1.177136620   -1.117999173
   14.683171987   -1.168342321   -1.110221277
   14.711517879   -1.158368339   -1.101399563
   14.739863771   -1.147239016   -1.091553053
   14.768209663   -1.134980765   -1.080702853
   14.796555555   -1.121622092   -1.068872093
   14.824901446   -1.107193726   -1.056085870
   14.853247338   -1.091728819   -1.042371216
   14.881593230   -1.075263122   -1.027757054
   14.909939122   -1.057835077   -1.012274160
   14.938285014   -1.039485757   -0.995955113
   14.966630906   -1.020258633   -0.978834229
   14.994976798   -1.000199185   -0.960947492
   15.023322690   -0.979354382   -0.942332478
   15.051668581   -0.957772116   -0.923028268
   15.080014473   -0.935500656   -0.903075386
   15.108360365   -0.912588212   -0.882515723
   15.136706257   -0.889082645   -0.861392493
   15.165052149   -0.865031363   -0.839750170
   15.193398041   -0.840481382   -0.817634441
   15.221743933   -0.815479527   -0.795092127
   15.250089824   -0.790072696   -0.772171076
   15.278435716   -0.764308133   -0.748920016
   15.306781608   -0.738233657   -0.725388347
   15.335127500   -0.711897802   -0.701625890
   15.363473392   -0.685349877   -0.677682576
   15.391819284   -0.658639951   -0.653608105
   15.420165176   -0.631818828   -0.629451591
   15.448511068   -0.604938053   -0.605261208
   15.476856959   -0.578049984   -0.581083878
   15.505202851   -0.551207971   -0.556965001
   15.533548743   -0.524466604   -0.532948259
   15.561894635   -0.497881983   -0.509075493
   15.590240527   -0.471511931   -0.485386652
   15.618586419   -0.445416019   -0.461919800
   15.646932311   -0.419655325   -0.438711171
   15.675278202   -0.394291816   -0.415795235
   15.703624094   -0.369387341   -0.393204775
   15.731969986   -0.345002236   -0.370970932
   15.760315878   -0.321193644   -0.349123227
   15.788661770   -0.298013696   -0.327689538
   15.817007662   -0.275507739   -0.306696040
   15.845353554   -0.253712824   -0.286167116
   15.873699446   -0.232656642   -0.266125257
   15.902045337   -0.212357069   -0.246590951
   15.930391229   -0.192822369   -0.227582594
   15.958737121   -0.174052084   -0.209116419
   15.987083013   -0.156038480   -0.191206455
   16.015428905   -0.138768403   -0.173864519
   16.043774797   -0.122225306   -0.157100232
   16.072120689   -0.106391219   -0.140921057
   16.100466580   -0.091248416   -0.125332356
   16.128812472   -0.076780618   -0.110337446
   16.157158364   -0.062973608   -0.095937662
   16.185504256   -0.049815260   -0.082132429
   16.213850148   -0.037295025   -0.068919333
   16.242196040   -0.025403039   -0.056294213
   16.270541932   -0.014129025   -0.044251271
   16.298887824   -0.003461215   -0.032783210
   16.327233715    0.006614525   -0.021881410
   16.355579607    0.016115203   -0.011536135
   16.383925499    0.025060760   -0.001736767
   16.412271391    0.033473661    0.007527938
   16.440617283    0.041378070    0.016269583
   16.468963175    0.048798748    0.024499883
   16.497309067    0.055759797    0.032230433
   16.525654959    0.062283464    0.039472518
   16.554000850    0.068389124    0.046236977
   16.582346742    0.074092596    0.052534109
   16.610692634    0.079405848    0.058373642
   16.639038526    0.084337107    0.063764733
   16.667384418    0.088891343    0.068716015
   16.695730310    0.093071011    0.073235646
   16.724076202    0.096876959    0.077331368
   16.752422093    0.100309344    0.081010553
   16.780767985    0.103368439    0.084280220
   16.809113877    0.106055244    0.087147025
   16.837459769    0.108371804    0.089617211
   16.865805661    0.110321255    0.091696529
   16.894151553    0.111907589    0.093390139
   16.922497445    0.113135217    0.094702487
   16.950843337    0.114008416    0.095637188
   16.979189228    0.114530752    0.096196913
   17.007535120    0.114704589    0.096383303
   17.035881012    0.114530752    0.096196913
   17.064226904    0.114008416    0.095637188
   17.092572796    0.113135217    0.094702487
   17.120918688    0.111907589    0.093390139
   17.149264580    0.110321256    0.091696529
   17.177610471    0.108371804    0.089617211
   17.205956363    0.106055244    0.087147025
   17.234302255    0.103368440    0.084280220
   17.262648147    0.100309344    0.081010553
   17.290994039    0.096876959    0.077331368
   17.319339931    0.093071011    0.073235646
   17.347685823    0.088891343    0.068716015
   17.376031715    0.084337107    0.063764733
   17.404377606    0.079405848    0.058373642
   17.432723498    0.074092596    0.052534109
   17.461069390    0.068389124    0.046236977
   17.489415282    0.062283464    0.039472518
   17.517761174    0.055759797    0.032230433
   17.546107066    0.048798748    0.024499883
   17.574452958    0.041378071    0.016269583
   17.602798849    0.033473661    0.007527938
   17.631144741    0.025060760   -0.001736767
   17.659490633    0.016115203   -0.011536135
   17.687836525    0.006614525   -0.021881410
   17.716182417   -0.003461215   -0.032783210
   17.744528309   -0.014129025   -0.044251271
   17.772874201   -0.025403039   -0.056294213
   17.801220093   -0.037295025   -0.068919333
   17.829565984   -0.049815260   -0.082132429
   17.857911876   -0.062973608   -0.095937662
   17.886257768   -0.076780618   -0.110337446
   17.914603660   -0.091248416   -0.125332356
   17.942949552   -0.106391219   -0.140921057
   17.971295444   -0.122225306   -0.157100231
   17.999641336   -0.138768403   -0.173864519
   18.027987227   -0.156038480   -0.191206455
   18.056333119   -0.174052084   -0.209116419
   18.084679011   -0.192822369   -0.227582594
   18.113024903   -0.212357068   -0.246590951
   18.141370795   -0.232656642   -0.266125257
   18.169716687   -0.253712823   -0.286167116
   18.198062579   -0.275507739   -0.306696040
   18.226408471   -0.298013696   -0.327689538
   18.254754362   -0.321193644   -0.349123227
   18.283100254   -0.345002236   -0.370970932
   18.311446146   -0.369387341   -0.393204774
   18.339792038   -0.394291816   -0.415795235
   18.368137930   -0.419655325   -0.438711171
   18.396483822   -0.445416019   -0.461919800
   18.424829714   -0.471511931   -0.485386652
   18.453175605   -0.497881983   -0.509075493
   18.481521497   -0.524466603   -0.532948259
   18.509867389   -0.551207971   -0.556965001
   18.538213281   -0.578049984   -0.581083878
   18.566559173   -0.604938053   -0.605261208
   18.594905065   -0.631818828   -0.629451591
   18.623250957   -0.658639951   -0.653608105
   18.651596849   -0.685349877   -0.677682576
   18.679942740   -0.711897802   -0.701625890
   18.708288632   -0.738233656   -0.725388347
   18.736634524   -0.764308133   -0.748920015
   18.764980416   -0.790072696   -0.772171076
   18.793326308   -0.815479527   -0.795092127
   18.821672200   -0.840481382   -0.817634441
   18.850018092   -0.865031363   -0.839750170
   18.878363983   -0.889082645   -0.861392493
   18.906709875   -0.912588212   -0.882515724
   18.935055767   -0.935500656   -0.903075386
   18.963401659   -0.957772116   -0.923028268
   18.991747551   -0.979354382   -0.942332478
   19.020093443   -1.000199185   -0.960947493
   19.048439335   -1.020258633   -0.978834229
   19.076785227   -1.039485757   -0.995955113
   19.105131118   -1.057835078   -1.012274161
   19.133477010   -1.075263123   -1.027757054
   19.161822902   -1.091728819   -1.042371216
   19.190168794   -1.107193726   -1.056085870
   19.218514686   -1.121622092   -1.068872093
   19.246860578   -1.134980766   -1.080702854
   19.275206470   -1.147239016   -1.091553053
   19.303552361   -1.158368340   -1.101399564
   19.331898253   -1.168342322   -1.110221278
   19.360244145   -1.177136620   -1.117999174
   19.388590037   -1.184729099   -1.124716394
   19.416935929   -1.191100110   -1.130358334
   19.445281821   -1.196232876   -1.134912747
   19.473627713   -1.200113928   -1.138369827
   19.501973605   -1.202733489   -1.140722297
   19.530319496   -1.204085755   -1.141965457
   19.558665388   -1.204168999   -1.142097209
   19.587011280   -1.202985489   -1.141118050
   19.615357172   -1.200541224   -1.139031032
   19.643703064   -1.196845545   -1.135841700
   19.672048956   -1.191910703   -1.131558024
   19.700394848   -1.185751452   -1.126190329
   19.728740739   -1.178384760   -1.119751232
   19.757086631   -1.169829680   -1.112255605
   19.785432523   -1.160107389   -1.103720549
   19.813778415   -1.149241379   -1.094165389
   19.842124307   -1.137257722   -1.083611670
   19.870470199   -1.124185333   -1.072083152
   19.898816091   -1.110056142   -1.059605782
   19.927161983   -1.094905091   -1.046207644
   19.955507874   -1.078769936   -1.031918866
   19.983853766   -1.061690832   -1.016771507
   20.012199658   -1.043709774   -1.000799403
   20.040545550   -1.024869961   -0.984038008
   20.068891442   -1.005215197   -0.966524231
   20.097237334   -0.984789428   -0.948296277
   20.125583226   -0.963636502   -0.929393529
   20.153929117   -0.941800177   -0.909856443
   20.182275009   -0.919324391   -0.889726480
   20.210620901   -0.896253701   -0.869046055
   20.238966793   -0.872633810   -0.847858491
   20.267312685   -0.848512056   -0.826207958
   20.295658577   -0.823937732   -0.804139384
   20.324004469   -0.798962165   -0.781698321
   20.352350361   -0.773638492   -0.758930751
   20.380696252   -0.748021167   -0.735882852
   20.409042144   -0.722165258   -0.712600710
   20.437388036   -0.696125657   -0.689130012
   20.465733928   -0.669956349   -0.665515732
   20.494079820   -0.643709851   -0.641801841
   20.522425712   -0.617436954   -0.618031059
   20.550771604   -0.591186772   -0.594244670
   20.579117495   -0.565007110   -0.570482394
   20.607463387   -0.538945038   -0.546782346
   20.635809279   -0.513047528   -0.523181032
   20.664155171   -0.487361999   -0.499713408
   20.692501063   -0.461936586   -0.476412943
   20.720846955   -0.436820018   -0.453311700
   20.749192847   -0.412061029   -0.430440395
   20.777538739   -0.387707317   -0.407828427
   20.805884630   -0.363804150   -0.385503884
   20.834230522   -0.340392779   -0.363493505
   20.862576414   -0.317508870   -0.341822631
   20.890922306   -0.295181178   -0.320515126
   20.919268198   -0.273430652   -0.299593299
   20.947614090   -0.252270125   -0.279077828
   20.975959982   -0.231704647   -0.258987687
   21.004305873   -0.211732433   -0.239340086
   21.032651765   -0.192346319   -0.220150416
   21.060997657   -0.173535560   -0.201432193
   21.089343549   -0.155287729   -0.183197010
   21.117689441   -0.137590535   -0.165454475
   21.146035333   -0.120433317   -0.148212157
   21.174381225   -0.103808116   -0.131475524
   21.202727117   -0.087710210   -0.115247911
   21.231073008   -0.072138126   -0.099530498
   21.259418900   -0.057093189   -0.084322338
   21.287764792   -0.042578703   -0.069620435
   21.316110684   -0.028598914   -0.055419877
   21.344456576   -0.015157897   -0.041714027
   21.372802468   -0.002258480   -0.028494771
   21.401148360    0.010098684   -0.015752797
   21.429494252    0.021915831   -0.003477897
   21.457840143    0.033198579    0.008340739
   21.486186035    0.043956172    0.019714252
   21.514531927    0.054201516    0.030653896
   21.542877819    0.063951023    0.041170870
   21.571223711    0.073224297    0.051276224
   21.599569603    0.082043668    0.060980828
   21.627915495    0.090433626    0.070295391
   21.656261386    0.098420133    0.079230534
   21.684607278    0.106029875    0.087796868
   21.712953170    0.113289448    0.096005100
   21.741299062    0.120224560    0.103866106
   21.769644954    0.126859279    0.111391005
   21.797990846    0.133215397    0.118591184
   21.826336738    0.139311972    0.125478305
   21.854682630    0.145165096    0.132064275
   21.883028521    0.150787906    0.138361196
   21.911374413    0.156190846    0.144381289
   21.939720305    0.161382125    0.150136814
   21.968066197    0.166368334    0.155639973
   21.996412089    0.171155108    0.160902822
   22.024757981    0.175747766    0.165937169
   22.053103873    0.180151832    0.170754486
   22.081449764    0.184373384    0.175365821
   22.109795656    0.188419195    0.179781712
   22.138141548    0.192296665    0.184012122
   22.166487440    0.196013602    0.188066378
   22.194833332    0.199577883    0.191953141
   22.223179224    0.202997105    0.195680388
   22.251525116    0.206278265    0.199255428
   22.279871008    0.209427561    0.202684941
   22.308216899    0.212450319    0.205975040
   22.336562791    0.215351072    0.209131356
   22.364908683    0.218133750    0.212159124
   22.393254575    0.220801945    0.215063275
   22.421600467    0.223359182    0.217848523
   22.449946359    0.225809155    0.220519428
   22.478292251    0.228155868    0.223080443
   22.506638142    0.230403663    0.225535935
   22.534984034    0.232557144    0.227890185
   22.563329926    0.234621013    0.230147372
   22.591675818    0.236599860    0.232311544
   22.620021710    0.238497959    0.234386594
   22.648367602    0.240319112    0.236376232
   22.676713494    0.242066578    0.238283974
   22.705059386    0.243743088    0.240113144
   22.733405277    0.245350951    0.241866883
   22.761751169    0.246892223    0.243548177
   22.790097061    0.248368888    0.245159883
   22.818442953    0.249783031    0.246704753
   22.846788845    0.251136949    0.248185466
   22.875134737    0.252433193    0.249604630
   22.903480629    0.253674524    0.250964797
   22.931826520    0.254863808    0.252268446
   22.960172412    0.256003868    0.253517977
   22.988518304    0.257097335    0.254715695
   23.016864196    0.258146522    0.255863792
   23.045210088    0.259153364    0.256964344
   23.073555980    0.260119419    0.258019307
   23.101901872    0.261045937    0.259030526
   23.130247764    0.261933984    0.259999748
   23.158593655    0.262784577    0.260928643
   23.186939547    0.263598818    0.261818818
   23.215285439    0.264377984    0.262671837
   23.243631331    0.265123566    0.263489229
   23.271977223    0.265837242    0.264272488
   23.300323115    0.266520795    0.265023072
   23.328669007    0.267176004    0.265742392
   23.357014898    0.267804520    0.266431801
   23.385360790    0.268407769    0.267092584
   23.413706682    0.268986894    0.267725951
   23.442052574    0.269542757    0.268333036
   23.470398466    0.270075986    0.268914903
   23.498744358    0.270587070    0.269472556
   23.527090250    0.271076468    0.270006951
   23.555436142    0.271544719    0.270519011
   23.583782033    0.271992514    0.271009638
   23.612127925    0.272420731    0.271479716
   23.640473817    0.272830413    0.271930118
   23.668819709    0.273222705    0.272361696
   23.697165601    0.273598766    0.272775281
   23.725511493    0.273959663    0.273171665
   23.753857385    0.274306292    0.273551600
   23.782203276    0.274639332    0.273915788
   23.810549168    0.274959234    0.274264882
   23.838895060    0.275266267    0.274599487
   23.867240952    0.275560594    0.274920173
   23.895586844    0.275842361    0.275227479
   23.923932736    0.276111784    0.275521929
   23.952278628    0.276369219    0.275804035
   23.980624520    0.276615186    0.276074310
   24.008970411    0.276850351    0.276333261
   24.037316303    0.277075478    0.276581388
   24.065662195    0.277291347    0.276819181
   24.094008087    0.277498673    0.277047107
   24.122353979    0.277698035    0.277265604
   24.150699871    0.277889830    0.277475080
   24.179045763    0.278074275    0.277675906
   24.207391654    0.278251436    0.277868422
   24.235737546    0.278421295    0.278052946
   24.264083438    0.278583826    0.278229776
   24.292429330    0.278739071    0.278399203
   24.320775222    0.278887197    0.278561519
   24.349121114    0.279028519    0.278717016
   24.377467006    0.279163483    0.278865992
   24.405812898    0.279292624    0.279008743
   24.434158789    0.279416497    0.279145559
   24.462504681    0.279535606    0.279276718
   24.490850573    0.279650338    0.279402478
   24.519196465    0.279760932    0.279523075
   24.547542357    0.279867470    0.279638719
   24.575888249    0.279969912    0.279749597
   24.604234141    0.280068145    0.279855883
   24.632580032    0.280162058    0.279957738
   24.660925924    0.280251603    0.280055321
   24.689271816    0.280336846    0.280148795
   24.717617708    0.280417984    0.280238330
   24.745963600    0.280495335    0.280324101
   24.774309492    0.280569297    0.280406287
   24.802655384    0.280640287    0.280485064
   24.831001276    0.280708679    0.280560600
   24.859347167    0.280774745    0.280633050
   24.887693059    0.280838631    0.280702550
   24.916038951    0.280900344    0.280769218
   24.944384843    0.280959786    0.280833155
   24.972730735    0.281016802    0.280894452
   25.001076627    0.281071238    0.280953193
   25.029422519    0.281123001    0.281009463
   25.057768410    0.281172102    0.281063352
   25.086114302    0.281218671    0.281114958
   25.114460194    0.281262947    0.281164387
   25.142806086    0.281305242    0.281211749
   25.171151978    0.281345885    0.281257154
   25.199497870    0.281385164    0.281300707
   25.227843762    0.281423283    0.281342502
   25.256189654    0.281460327    0.281382617
   25.284535545    0.281496263    0.281421118
   25.312881437    0.281530966    0.281458057
   25.341227329    0.281564260    0.281493477
   25.369573221    0.281595974    0.281527419
   25.397919113    0.281625997    0.281559924
   25.426265005    0.281654310    0.281591042
   25.454610897    0.281681007    0.281620831
   25.482956788    0.281706278    0.281649354
   25.511302680    0.281730379    0.281676683
   25.539648572    0.281753581    0.281702890
   25.567994464    0.281776120    0.281728040
   25.596340356    0.281798152    0.281752193
   25.624686248    0.281819727    0.281775395
   25.653032140    0.281840791    0.281797679
   25.681378032    0.281861205    0.281819070
   25.709723923    0.281880789    0.281839586
   25.738069815    0.281899371    0.281859242
   25.766415707    0.281916834    0.281878056
   25.794761599    0.281933147    0.281896055
   25.823107491    0.281948382    0.281913272
   25.851453383    0.281962701    0.281929750
   25.879799275    0.281976323    0.281945535
   25.908145167    0.281989480    0.281960677
   25.936491058    0.282002372    0.281975220
   25.964836950    0.282015124    0.281989202
   25.993182842    0.282027765    0.282002650
   26.021528734    0.282040227    0.282015581
   26.049874626    0.282052370    0.282028002
   26.078220518    0.282064016    0.282039918
   26.106566410    0.282074997    0.282051330
   26.134912301    0.282085197    0.282062244
   26.163258193    0.282094582    0.282072672
   26.191604085    0.282103212    0.282082637
   26.219949977    0.282111230    0.282092165
   26.248295869    0.282118831    0.282101292
   26.276641761    0.282126219    0.282110051
   26.304987653    0.282133568    0.282118476
   26.333333545    0.282140979    0.282126589
   26.361679436    0.282148469    0.282134409
   26.390025328    0.282155963    0.282141941
   26.418371220    0.282163321    0.282149185
   26.446717112    0.282170371    0.282156135
   26.475063004    0.282176952    0.282162788
   26.503408896    0.282182952    0.282169141
   26.531754788    0.282188339    0.282175200
   26.560100679    0.282193168    0.282180978
   26.588446571    0.282197566    0.282186497
   26.616792463    0.282201713    0.282191782
   26.645138355    0.282205791    0.282196859
   26.673484247    0.282209955    0.282201753
   26.701830139    0.282214291    0.282206479
   26.730176031    0.282218804    0.282211049
   26.758521923    0.282223418    0.282215463
   26.786867814    0.282227994    0.282219714
   26.815213706    0.282232367    0.282223795
   26.843559598    0.282236385    0.282227695
   26.871905490    0.282239943    0.282231411
   26.900251382    0.282243012    0.282234944
   26.928597274    0.282245643    0.282238303
   26.956943166    0.282247956    0.282241504
   26.985289057    0.282250116    0.282244568
   27.013634949    0.282252292    0.282247517
   27.041980841    0.282254622    0.282250369
   27.070326733    0.282257181    0.282253136
   27.098672625    0.282259967    0.282255825
   27.127018517    0.282262901    0.282258432
   27.155364409    0.282265849    0.282260949
   27.183710301    0.282268654    0.282263365
   27.212056192    0.282271171    0.282265670
   27.240402084    0.282273303    0.282267856
   27.268747976    0.282275024    0.282269924
   27.297093868    0.282276384    0.282271881
   27.325439760    0.282277498    0.282273739
   27.353785652    0.282278520    0.282275517
   27.382131544    0.282279608    0.282277232
   27.410477435    0.282280885    0.282278900
   27.438823327    0.282282420    0.282280531
   27.467169219    0.282284203    0.282282128
   27.495515111    0.282286156    0.282283685
   27.523861003    0.282288148    0.282285194
   27.552206895    0.282290029    0.282286643
   27.580552787    0.282291662    0.282288019
   27.608898679    0.282292959    0.282289316
   27.637244570    0.282293897    0.282290532
   27.665590462    0.282294524    0.282291674
   27.693936354    0.282294953    0.282292753
   27.722282246    0.282295327    0.282293784
   27.750628138    0.282295794    0.282294783
   27.778974030    0.282296470    0.282295763
   27.807319922    0.282297411    0.282296733
   27.835665813    0.282298607    0.282297693
   27.864011705    0.282299979    0.282298639
   27.892357597    0.282301400    0.282299559
   27.920703489    0.282302727    0.282300441
   27.949049381    0.282303832    0.282301274
   27.977395273    0.282304632    0.282302051
   28.005741165    0.282305109    0.282302770
   28.034087057    0.282305313    0.282303436
   28.062432948    0.282305350    0.282304060
   28.090778840    0.282305358    0.282304655
   28.119124732    0.282305475    0.282305237
   28.147470624    0.282305807    0.282305816
   28.175816516    0.282306405    0.282306399
   28.204162408    0.282307253    0.282306987
   28.232508300    0.282308273    0.282307572
   28.260854191    0.282309343    0.282308145
   28.289200083    0.282310328    0.282308693
   28.317545975    0.282311107    0.282309206
   28.345891867    0.282311605    0.282309676
   28.374237759    0.282311809    0.282310102
   28.402583651    0.282311767    0.282310488
   28.430929543    0.282311584    0.282310846
   28.459275435    0.282311392    0.282311186
   28.487621326    0.282311318    0.282311524
   28.515967218    0.282311461    0.282311868
   28.544313110    0.282311864    0.282312224
   28.572659002    0.282312508    0.282312592
   28.601004894    0.282313315    0.282312965
   28.629350786    0.282314168    0.282313332
   28.657696678    0.282314935    0.282313682
   28.686042569    0.282315507    0.282314004
   28.714388461    0.282315814    0.282314291
   28.742734353    0.282315848    0.282314543
   28.771080245    0.282315661    0.282314764
   28.799426137    0.282315355    0.282314964
   28.827772029    0.282315055    0.282315155
   28.856117921    0.282314883    0.282315349
   28.884463813    0.282314929    0.282315555
   28.912809704    0.282315229    0.282315778
   28.941155596    0.282315759    0.282316017
   28.969501488    0.282316440    0.282316263
   28.997847380    0.282317157    0.282316508
   29.026193272    0.282317786    0.282316739
   29.054539164    0.282318222    0.282316946
   29.082885056    0.282318404    0.282317123
   29.111230947    0.282318329    0.282317270
   29.139576839    0.282318051    0.282317391
   29.167922731    0.282317670    0.282317496
   29.196268623    0.282317310    0.282317596
   29.224614515    0.282317086    0.282317703
   29.252960407    0.282317081    0.282317825
   29.281306299    0.282317325    0.282317965
   29.309652191    0.282317790    0.282318123
   29.337998082    0.282318397    0.282318290
   29.366343974    0.282319032    0.282318456
   29.394689866    0.282319574    0.282318610
   29.423035758    0.282319924    0.282318743
   29.451381650    0.282320025    0.282318849
   29.479727542    0.282319880    0.282318928
   29.508073434    0.282319543    0.282318985
   29.536419325    0.282319115    0.282319029
   29.564765217    0.282318715    0.282319072
   29.593111109    0.282318453    0.282319124
   29.621457001    0.282318407    0.282319194
   29.649802893    0.282318604    0.282319283
   29.678148785    0.282319013    0.282319390
   29.706494677    0.282319553    0.282319507
   29.734840569    0.282320114    0.282319624
   29.763186460    0.282320581    0.282319730
   29.791532352    0.282320858    0.282319816
   29.819878244    0.282320897    0.282319877
   29.848224136    0.282320702    0.282319914
   29.876570028    0.282320330    0.282319931
   29.904915920    0.282319882    0.282319937
   29.933261812    0.282319471    0.282319945
   29.961607703    0.282319204    0.282319963
   29.989953595    0.282319151    0.282320000
   30.018299487    0.282319336    0.282320057
   30.046645379    0.282319723    0.282320132
   30.074991271    0.282320231    0.282320218
   30.103337163    0.282320752    0.282320304
   30.131683055    0.282321173    0.282320380
   30.160028947    0.282321407    0.282320438
   30.188374838    0.282321407    0.282320472
   30.216720730    0.282321184    0.282320484
   30.245066622    0.282320796    0.282320479
   30.273412514    0.282320342    0.282320466
   30.301758406    0.282319933    0.282320455
   30.330104298    0.282319672    0.282320457
   30.358450190    0.282319625    0.282320477
   30.386796081    0.282319807    0.282320519
   30.415141973    0.282320182    0.282320578
   30.443487865    0.282320668    0.282320647
   30.471833757    0.282321159    0.282320717
   30.500179649    0.282321545    0.282320777
   30.528525541    0.282321744    0.282320818
   30.556871433    0.282321715    0.282320837
   30.585217325    0.282321470    0.282320835
   30.613563216    0.282321073    0.282320818
   30.641909108    0.282320619    0.282320794
   30.670255000    0.282320219    0.282320773
   30.698600892    0.282319969    0.282320766
   30.726946784    0.282319931    0.282320778
   30.755292676    0.282320117    0.282320811
   30.783638568    0.282320487    0.282320861
   30.811984460    0.282320958    0.282320920
   30.840330351    0.282321425    0.282320979
   30.868676243    0.282321783    0.282321028
   30.897022135    0.282321953    0.282321059
   30.925368027    0.282321900    0.282321068
   30.953713919    0.282321639    0.282321057
   30.982059811    0.282321235    0.282321032
   31.010405703    0.282320786    0.282321002
   31.038751594    0.282320397    0.282320976
   31.067097486    0.282320162    0.282320964
   31.095443378    0.282320137    0.282320972
   31.123789270    0.282320330    0.282320999
   31.152135162    0.282320698    0.282321044
   31.180481054    0.282321158    0.282321097
   31.208826946    0.282321606    0.282321149
   31.237172838    0.282321939    0.282321190
   31.265518729    0.282322084    0.282321214
   31.293864621    0.282322010    0.282321216
   31.322210513    0.282321736    0.282321200
   31.350556405    0.282321329    0.282321170
   31.378902297    0.282320885    0.282321136
   31.407248189    0.282320509    0.282321107
   31.435594081    0.282320289    0.282321093
   31.463939972    0.282320279    0.282321099
   31.492285864    0.282320481    0.282321124
   31.520631756    0.282320850    0.282321165
   31.548977648    0.282321302    0.282321214
   31.577323540    0.282321733    0.282321261
   31.605669432    0.282322045    0.282321297
   31.634015324    0.282322167    0.282321315
   31.662361216    0.282322074    0.282321313
   31.690707107    0.282321789    0.282321293
   31.719052999    0.282321379    0.282321260
   31.747398891    0.282320941    0.282321224
   31.775744783    0.282320578    0.282321194
   31.804090675    0.282320376    0.282321179
   31.832436567    0.282320381    0.282321184
   31.860782459    0.282320593    0.282321208
   31.889128350    0.282320965    0.282321247
   31.917474242    0.282321409    0.282321293
   31.945820134    0.282321826    0.282321337
   31.974166026    0.282322118    0.282321369
   32.002511918    0.282322220    0.282321383
   32.030857810    0.282322109    0.282321378
   32.059203702    0.282321812    0.282321354
   32.087549594    0.282321401    0.282321319
   32.115895485    0.282320970    0.282321282
   32.144241377    0.282320620    0.282321252
   32.172587269    0.282320435    0.282321238
   32.200933161    0.282320456    0.282321242
   32.229279053    0.282320679    0.282321266
   32.257624945    0.282321054    0.282321304
   32.285970837    0.282321493    0.282321348
   32.314316728    0.282321896    0.282321389
   32.342662620    0.282322170    0.282321418
   32.371008512    0.282322252    0.282321429
   32.399354404    0.282322125    0.282321421
   32.427700296    0.282321818    0.282321395
   32.456046188    0.282321404    0.282321358
   32.484392080    0.282320980    0.282321321
   32.512737972    0.282320645    0.282321291
   32.541083863    0.282320476    0.282321277
   32.569429755    0.282320513    0.282321283
   32.597775647    0.282320748    0.282321307
   32.626121539    0.282321127    0.282321344
   32.654467431    0.282321562    0.282321387
   32.682813323    0.282321952    0.282321426
   32.711159215    0.282322208    0.282321452
   32.739505106    0.282322272    0.282321460
   32.767850998    0.282322128    0.282321449
   32.796196890    0.282321811    0.282321421
   32.824542782    0.282321396    0.282321384
   32.852888674    0.282320978    0.282321346
   32.881234566    0.282320656    0.282321317
   32.909580458    0.282320504    0.282321304
   32.937926350    0.282320557    0.282321311
   32.966272241    0.282320804    0.282321335
   32.994618133    0.282321188    0.282321372
   33.022964025    0.282321618    0.282321414
   33.051309917    0.282321997    0.282321451
   33.079655809    0.282322237    0.282321475
   33.108001701    0.282322281    0.282321481
   33.136347593    0.282322122    0.282321467
   33.164693484    0.282321795    0.282321438
   33.193039376    0.282321378    0.282321400
   33.221385268    0.282320967    0.282321362
   33.249731160    0.282320658    0.282321334
   33.278077052    0.282320522    0.282321322
   33.306422944    0.282320592    0.282321329
   33.334768836    0.282320851    0.282321354
   33.363114728    0.282321239    0.282321391
   33.391460619    0.282321667    0.282321432
   33.419806511    0.282322034    0.282321468
   33.448152403    0.282322257    0.282321489
   33.476498295    0.282322284    0.282321493
   33.504844187    0.282322109    0.282321477
   33.533190079    0.282321772    0.282321446
   33.561535971    0.282321353    0.282321407
   33.589881862    0.282320948    0.282321370
   33.618227754    0.282320652    0.282321342
   33.646573646    0.282320533    0.282321332
   33.674919538    0.282320619    0.282321340
   33.703265430    0.282320890    0.282321366
   33.731611322    0.282321283    0.282321403
   33.759957214    0.282321708    0.282321443
   33.788303106    0.282322065    0.282321477
   33.816648997    0.282322272    0.282321497
   33.844994889    0.282322281    0.282321498
   33.873340781    0.282322090    0.282321480
   33.901686673    0.282321743    0.282321448
   33.930032565    0.282321321    0.282321408
   33.958378457    0.282320922    0.282321371
   33.986724349    0.282320639    0.282321344
