    0.000000000    0.670119838    0.635482229
    0.007873859    0.670095388    0.635455619
    0.015747718    0.670022027    0.635375790
    0.023621577    0.669899721    0.635242749
    0.031495435    0.669728417    0.635056505
    0.039369294    0.669508039    0.634817070
    0.047243153    0.669238490    0.634524461
    0.055117012    0.668919653    0.634178699
    0.062990871    0.668551390    0.633779806
    0.070864730    0.668133545    0.633327809
    0.078738589    0.667665942    0.632822736
    0.086612447    0.667148388    0.632264619
    0.094486306    0.666580674    0.631653492
    0.102360165    0.665962573    0.630989392
    0.110234024    0.665293847    0.630272356
    0.118107883    0.664574240    0.629502423
    0.125981742    0.663803489    0.628679633
    0.133855600    0.662981317    0.627804029
    0.141729459    0.662107441    0.626875653
    0.149603318    0.661181568    0.625894546
    0.157477177    0.660203401    0.624860752
    0.165351036    0.659172641    0.623774312
    0.173224895    0.658088984    0.622635269
    0.181098754    0.656952128    0.621443664
    0.188972612    0.655761773    0.620199538
    0.196846471    0.654517624    0.618902929
    0.204720330    0.653219390    0.617553876
    0.212594189    0.651866791    0.616152416
    0.220468048    0.650459554    0.614698583
    0.228341907    0.648997421    0.613192413
    0.236215766    0.647480147    0.611633937
    0.244089624    0.645907503    0.610023186
    0.251963483    0.644279279    0.608360189
    0.259837342    0.642595282    0.606644975
    0.267711201    0.640855344    0.604877569
    0.275585060    0.639059315    0.603057998
    0.283458919    0.637207073    0.601186284
    0.291332778    0.635298520    0.599262452
    0.299206636    0.633333581    0.597286523
    0.307080495    0.631312213    0.595258521
    0.314954354    0.629234396    0.593178467
    0.322828213    0.627100140    0.591046382
    0.330702072    0.624909481    0.588862291
    0.338575931    0.622662485    0.586626215
    0.346449789    0.620359243    0.584338179
    0.354323648    0.617999873    0.581998210
    0.362197507    0.615584521    0.579606334
    0.370071366    0.613113356    0.577162581
    0.377945225    0.610586568    0.574666984
    0.385819084    0.608004374    0.572119578
    0.393692943    0.605367006    0.569520402
    0.401566801    0.602674718    0.566869499
    0.409440660    0.599927777    0.564166913
    0.417314519    0.597126466    0.561412698
    0.425188378    0.594271078    0.558606908
    0.433062237    0.591361914    0.555749606
    0.440936096    0.588399282    0.552840856
    0.448809955    0.585383493    0.549880733
    0.456683813    0.582314859    0.546869316
    0.464557672    0.579193688    0.543806689
    0.472431531    0.576020286    0.540692945
    0.480305390    0.572794947    0.537528185
    0.488179249    0.569517958    0.534312515
    0.496053108    0.566189592    0.531046051
    0.503926967    0.562810107    0.527728914
    0.511800825    0.559379742    0.524361238
    0.519674684    0.555898719    0.520943161
    0.527548543    0.552367237    0.517474833
    0.535422402    0.548785472    0.513956410
    0.543296261    0.545153576    0.510388060
    0.551170120    0.541471675    0.506769958
    0.559043979    0.537739871    0.503102290
    0.566917837    0.533958238    0.499385251
    0.574791696    0.530126824    0.495619046
    0.582665555    0.526245648    0.491803890
    0.590539414    0.522314707    0.487940008
    0.598413273    0.518333970    0.484027635
    0.606287132    0.514303383    0.480067016
    0.614160990    0.510222869    0.476058408
    0.622034849    0.506092331    0.472002077
    0.629908708    0.501911652    0.467898299
    0.637782567    0.497680698    0.463747363
    0.645656426    0.493399323    0.459549567
    0.653530285    0.489067367    0.455305220
    0.661404144    0.484684662    0.451014641
    0.669278002    0.480251036    0.446678163
    0.677151861    0.475766313    0.442296126
    0.685025720    0.471230319    0.437868883
    0.692899579    0.466642884    0.433396798
    0.700773438    0.462003846    0.428880246
    0.708647297    0.457313054    0.424319610
    0.716521156    0.452570372    0.419715289
    0.724395014    0.447775682    0.415067689
    0.732268873    0.442928886    0.410377227
    0.740142732    0.438029912    0.405644332
    0.748016591    0.433078716    0.400869444
    0.755890450    0.428075282    0.396053010
    0.763764309    0.423019630    0.391195493
    0.771638168    0.417911812    0.386297360
    0.779512026    0.412751921    0.381359094
    0.787385885    0.407540088    0.376381184
    0.795259744    0.402276484    0.371364129
    0.803133603    0.396961327    0.366308441
    0.811007462    0.391594875    0.361214638
    0.818881321    0.386177431    0.356083248
    0.826755179    0.380709347    0.350914809
    0.834629038    0.375191016    0.345709868
    0.842502897    0.369622881    0.340468979
    0.850376756    0.364005426    0.335192707
    0.858250615    0.358339184    0.329881624
    0.866124474    0.352624731    0.324536308
    0.873998333    0.346862684    0.319157349
    0.881872191    0.341053703    0.313745342
    0.889746050    0.335198491    0.308300891
    0.897619909    0.329297786    0.302824605
    0.905493768    0.323352365    0.297317103
    0.913367627    0.317363039    0.291779009
    0.921241486    0.311330654    0.286210954
    0.929115345    0.305256085    0.280613578
    0.936989203    0.299140235    0.274987524
    0.944863062    0.292984037    0.269333445
    0.952736921    0.286788444    0.263651998
    0.960610780    0.280554433    0.257943847
    0.968484639    0.274283000    0.252209663
    0.976358498    0.267975160    0.246450123
    0.984232357    0.261631940    0.240665910
    0.992106215    0.255254385    0.234857713
    0.999980074    0.248843546    0.229026229
    1.007853933    0.242400487    0.223172158
    1.015727792    0.235926279    0.217296211
    1.023601651    0.229421998    0.211399102
    1.031475510    0.222888725    0.205481553
    1.039349368    0.216327547    0.199544292
    1.047223227    0.209739549    0.193588055
    1.055097086    0.203125820    0.187613585
    1.062970945    0.196487449    0.181621631
    1.070844804    0.189825524    0.175612950
    1.078718663    0.183141133    0.169588306
    1.086592522    0.176435363    0.163548473
    1.094466380    0.169709298    0.157494228
    1.102340239    0.162964023    0.151426360
    1.110214098    0.156200618    0.145345666
    1.118087957    0.149420166    0.139252948
    1.125961816    0.142623746    0.133149020
    1.133835675    0.135812436    0.127034702
    1.141709534    0.128987314    0.120910824
    1.149583392    0.122149460    0.114778223
    1.157457251    0.115299951    0.108637747
    1.165331110    0.108439866    0.102490250
    1.173204969    0.101570288    0.096336598
    1.181078828    0.094692299    0.090177662
    1.188952687    0.087806984    0.084014326
    1.196826546    0.080915433    0.077847478
    1.204700404    0.074018738    0.071678017
    1.212574263    0.067117995    0.065506852
    1.220448122    0.060214304    0.059334898
    1.228321981    0.053308773    0.053163078
    1.236195840    0.046402510    0.046992325
    1.244069699    0.039496632    0.040823576
    1.251943558    0.032592261    0.034657780
    1.259817416    0.025690523    0.028495890
    1.267691275    0.018792551    0.022338867
    1.275565134    0.011899483    0.016187678
    1.283438993    0.005012463    0.010043296
    1.291312852   -0.001867363    0.003906701
    1.299186711   -0.008738839   -0.002221123
    1.307060569   -0.015600810   -0.008339187
    1.314934428   -0.022452113   -0.014446496
    1.322808287   -0.029291584   -0.020542053
    1.330682146   -0.036118055   -0.026624857
    1.338556005   -0.042930356   -0.032693901
    1.346429864   -0.049727316   -0.038748179
    1.354303723   -0.056507763   -0.044786682
    1.362177581   -0.063270524   -0.050808397
    1.370051440   -0.070014427   -0.056812312
    1.377925299   -0.076738301   -0.062797413
    1.385799158   -0.083440978   -0.068762687
    1.393673017   -0.090121292   -0.074707120
    1.401546876   -0.096778080   -0.080629699
    1.409420735   -0.103410184   -0.086529411
    1.417294593   -0.110016451   -0.092405245
    1.425168452   -0.116595734   -0.098256192
    1.433042311   -0.123146889   -0.104081246
    1.440916170   -0.129668783   -0.109879401
    1.448790029   -0.136160287   -0.115649657
    1.456663888   -0.142620280   -0.121391015
    1.464537747   -0.149047651   -0.127102480
    1.472411605   -0.155441295   -0.132783062
    1.480285464   -0.161800116   -0.138431773
    1.488159323   -0.168123028   -0.144047632
    1.496033182   -0.174408952   -0.149629660
    1.503907041   -0.180656819   -0.155176884
    1.511780900   -0.186865568   -0.160688337
    1.519654758   -0.193034148   -0.166163056
    1.527528617   -0.199161515   -0.171600084
    1.535402476   -0.205246637   -0.176998469
    1.543276335   -0.211288485   -0.182357266
    1.551150194   -0.217286042   -0.187675533
    1.559024053   -0.223238299   -0.192952338
    1.566897912   -0.229144251   -0.198186752
    1.574771770   -0.235002904   -0.203377854
    1.582645629   -0.240813267   -0.208524729
    1.590519488   -0.246574358   -0.213626467
    1.598393347   -0.252285200   -0.218682167
    1.606267206   -0.257944822   -0.223690934
    1.614141065   -0.263552257   -0.228651877
    1.622014924   -0.269106543   -0.233564116
    1.629888782   -0.274606724   -0.238426776
    1.637762641   -0.280051847   -0.243238990
    1.645636500   -0.285440963   -0.247999895
    1.653510359   -0.290773126   -0.252708641
    1.661384218   -0.296047394   -0.257364380
    1.669258077   -0.301262830   -0.261966276
    1.677131936   -0.306418498   -0.266513497
    1.685005794   -0.311513466   -0.271005222
    1.692879653   -0.316546806   -0.275440637
    1.700753512   -0.321517592   -0.279818935
    1.708627371   -0.326424904   -0.284139320
    1.716501230   -0.331267824   -0.288401002
    1.724375089   -0.336045439   -0.292603203
    1.732248947   -0.340756840   -0.296745150
    1.740122806   -0.345401123   -0.300826083
    1.747996665   -0.349977390   -0.304845249
    1.755870524   -0.354484749   -0.308801905
    1.763744383   -0.358922314   -0.312695319
    1.771618242   -0.363289206   -0.316524769
    1.779492101   -0.367584556   -0.320289541
    1.787365959   -0.371807500   -0.323988935
    1.795239818   -0.375957186   -0.327622259
    1.803113677   -0.380032770   -0.331188833
    1.810987536   -0.384033421   -0.334687989
    1.818861395   -0.387958317   -0.338119067
    1.826735254   -0.391806649   -0.341481424
    1.834609113   -0.395577622   -0.344774423
    1.842482971   -0.399270453   -0.347997443
    1.850356830   -0.402884374   -0.351149873
    1.858230689   -0.406418630   -0.354231115
    1.866104548   -0.409872484   -0.357240584
    1.873978407   -0.413245214   -0.360177705
    1.881852266   -0.416536114   -0.363041920
    1.889726125   -0.419744495   -0.365832679
    1.897599983   -0.422869685   -0.368549449
    1.905473842   -0.425911030   -0.371191707
    1.913347701   -0.428867895   -0.373758944
    1.921221560   -0.431739661   -0.376250666
    1.929095419   -0.434525728   -0.378666390
    1.936969278   -0.437225516   -0.381005646
    1.944843136   -0.439838459   -0.383267979
    1.952716995   -0.442364015   -0.385452948
    1.960590854   -0.444801655   -0.387560122
    1.968464713   -0.447150872   -0.389589087
    1.976338572   -0.449411175   -0.391539442
    1.984212431   -0.451582092   -0.393410796
    1.992086290   -0.453663166   -0.395202777
    1.999960148   -0.455653961   -0.396915023
    2.007834007   -0.457554054   -0.398547185
    2.015707866   -0.459363042   -0.400098930
    2.023581725   -0.461080537   -0.401569938
    2.031455584   -0.462706167   -0.402959902
    2.039329443   -0.464239576   -0.404268529
    2.047203302   -0.465680425   -0.405495538
    2.055077160   -0.467028388   -0.406640665
    2.062951019   -0.468283157   -0.407703658
    2.070824878   -0.469444435   -0.408684278
    2.078698737   -0.470511945   -0.409582300
    2.086572596   -0.471485421   -0.410397515
    2.094446455   -0.472364614   -0.411129725
    2.102320314   -0.473149289   -0.411778748
    2.110194172   -0.473839225   -0.412344416
    2.118068031   -0.474434218   -0.412826574
    2.125941890   -0.474934079   -0.413225082
    2.133815749   -0.475338632   -0.413539814
    2.141689608   -0.475647721   -0.413770658
    2.149563467   -0.475861201   -0.413917517
    2.157437326   -0.475978948   -0.413980308
    2.165311184   -0.476000852   -0.413958964
    2.173185043   -0.475926821   -0.413853430
    2.181058902   -0.475756781   -0.413663670
    2.188932761   -0.475490677   -0.413389657
    2.196806620   -0.475128469   -0.413031384
    2.204680479   -0.474670141   -0.412588857
    2.212554337   -0.474115692   -0.412062097
    2.220428196   -0.473465143   -0.411451140
    2.228302055   -0.472718537   -0.410756037
    2.236175914   -0.471875934   -0.409976855
    2.244049773   -0.470937419   -0.409113675
    2.251923632   -0.469903094   -0.408166595
    2.259797491   -0.468773087   -0.407135727
    2.267671349   -0.467547546   -0.406021196
    2.275545208   -0.466226639   -0.404823147
    2.283419067   -0.464810559   -0.403541737
    2.291292926   -0.463299520   -0.402177138
    2.299166785   -0.461693758   -0.400729538
    2.307040644   -0.459993531   -0.399199139
    2.314914503   -0.458199117   -0.397586159
    2.322788361   -0.456310819   -0.395890831
    2.330662220   -0.454328957   -0.394113401
    2.338536079   -0.452253875   -0.392254130
    2.346409938   -0.450085936   -0.390313295
    2.354283797   -0.447825521   -0.388291186
    2.362157656   -0.445473033   -0.386188107
    2.370031515   -0.443028893   -0.384004376
    2.377905373   -0.440493540   -0.381740325
    2.385779232   -0.437867428   -0.379396300
    2.393653091   -0.435151032   -0.376972661
    2.401526950   -0.432344841   -0.374469780
    2.409400809   -0.429449358   -0.371888042
    2.417274668   -0.426465105   -0.369227848
    2.425148526   -0.423392615   -0.366489607
    2.433022385   -0.420232435   -0.363673746
    2.440896244   -0.416985127   -0.360780700
    2.448770103   -0.413651266   -0.357810918
    2.456643962   -0.410231436   -0.354764863
    2.464517821   -0.406726237   -0.351643008
    2.472391680   -0.403136279   -0.348445838
    2.480265538   -0.399462183   -0.345173851
    2.488139397   -0.395704582   -0.341827555
    2.496013256   -0.391864120   -0.338407472
    2.503887115   -0.387941451   -0.334914133
    2.511760974   -0.383937242   -0.331348081
    2.519634833   -0.379852169   -0.327709871
    2.527508692   -0.375686921   -0.324000069
    2.535382550   -0.371442197   -0.320219252
    2.543256409   -0.367118709   -0.316368008
    2.551130268   -0.362717179   -0.312446935
    2.559004127   -0.358238343   -0.308456643
    2.566877986   -0.353682948   -0.304397752
    2.574751845   -0.349051753   -0.300270894
    2.582625704   -0.344345533   -0.296076711
    2.590499562   -0.339565072   -0.291815854
    2.598373421   -0.334711171   -0.287488988
    2.606247280   -0.329784644   -0.283096785
    2.614121139   -0.324786317   -0.278639929
    2.621994998   -0.319717031   -0.274119115
    2.629868857   -0.314577644   -0.269535047
    2.637742715   -0.309369023   -0.264888440
    2.645616574   -0.304092053   -0.260180019
    2.653490433   -0.298747633   -0.255410519
    2.661364292   -0.293336674   -0.250580686
    2.669238151   -0.287860103   -0.245691273
    2.677112010   -0.282318857   -0.240743046
    2.684985869   -0.276713889   -0.235736780
    2.692859727   -0.271046164   -0.230673259
    2.700733586   -0.265316657   -0.225553277
    2.708607445   -0.259526357   -0.220377637
    2.716481304   -0.253676261   -0.215147151
    2.724355163   -0.247767378   -0.209862642
    2.732229022   -0.241800723   -0.204524941
    2.740102881   -0.235777322   -0.199134888
    2.747976739   -0.229698206   -0.193693331
    2.755850598   -0.223564414   -0.188201128
    2.763724457   -0.217376989   -0.182659147
    2.771598316   -0.211136979   -0.177068261
    2.779472175   -0.204845436   -0.171429355
    2.787346034   -0.198503411   -0.165743320
    2.795219893   -0.192111961   -0.160011056
    2.803093751   -0.185672142   -0.154233471
    2.810967610   -0.179185009   -0.148411482
    2.818841469   -0.172651617   -0.142546011
    2.826715328   -0.166073019   -0.136637991
    2.834589187   -0.159450266   -0.130688360
    2.842463046   -0.152784408   -0.124698066
    2.850336904   -0.146076488   -0.118668062
    2.858210763   -0.139327549   -0.112599309
    2.866084622   -0.132538630   -0.106492776
    2.873958481   -0.125710764   -0.100349438
    2.881832340   -0.118844982   -0.094170276
    2.889706199   -0.111942310   -0.087956280
    2.897580058   -0.105003773   -0.081708445
    2.905453916   -0.098030388   -0.075427771
    2.913327775   -0.091023172   -0.069115267
    2.921201634   -0.083983139   -0.062771945
    2.929075493   -0.076911300   -0.056398826
    2.936949352   -0.069808664   -0.049996932
    2.944823211   -0.062676239   -0.043567295
    2.952697070   -0.055515032   -0.037110949
    2.960570928   -0.048326051   -0.030628932
    2.968444787   -0.041110303   -0.024122290
    2.976318646   -0.033868798   -0.017592069
    2.984192505   -0.026602547   -0.011039322
    2.992066364   -0.019312563   -0.004465102
    2.999940223   -0.011999864    0.002129533
    3.007814082   -0.004665469    0.008743523
    3.015687940    0.002689594    0.015375805
    3.023561799    0.010064297    0.022025316
    3.031435658    0.017457604    0.028690991
    3.039309517    0.024868473    0.035371765
    3.047183376    0.032295856    0.042066572
    3.055057235    0.039738699    0.048774348
    3.062931094    0.047195942    0.055494029
    3.070804952    0.054666515    0.062224551
    3.078678811    0.062149344    0.068964856
    3.086552670    0.069643345    0.075713885
    3.094426529    0.077147430    0.082470585
    3.102300388    0.084660500    0.089233905
    3.110174247    0.092181452    0.096002800
    3.118048105    0.099709174    0.102776229
    3.125921964    0.107242547    0.109553156
    3.133795823    0.114780445    0.116332554
    3.141669682    0.122321737    0.123113400
    3.149543541    0.129865282    0.129894679
    3.157417400    0.137409936    0.136675384
    3.165291259    0.144954546    0.143454516
    3.173165117    0.152497953    0.150231087
    3.181038976    0.160038993    0.157004113
    3.188912835    0.167576495    0.163772625
    3.196786694    0.175109282    0.170535661
    3.204660553    0.182636171    0.177292270
    3.212534412    0.190155973    0.184041511
    3.220408271    0.197667492    0.190782455
    3.228282129    0.205169527    0.197514182
    3.236155988    0.212660868    0.204235786
    3.244029847    0.220140303    0.210946370
    3.251903706    0.227606609    0.217645049
    3.259777565    0.235058559    0.224330952
    3.267651424    0.242494918    0.231003216
    3.275525283    0.249914445    0.237660992
    3.283399141    0.257315891    0.244303443
    3.291273000    0.264698002    0.250929741
    3.299146859    0.272059515    0.257539072
    3.307020718    0.279399162    0.264130632
    3.314894577    0.286715668    0.270703631
    3.322768436    0.294007751    0.277257286
    3.330642294    0.301274126    0.283790830
    3.338516153    0.308513502    0.290303502
    3.346390012    0.315724582    0.296794556
    3.354263871    0.322906069    0.303263253
    3.362137730    0.330056661    0.309708869
    3.370011589    0.337175057    0.316130686
    3.377885448    0.344259957    0.322527998
    3.385759306    0.351310060    0.328900110
    3.393633165    0.358324074    0.335246336
    3.401507024    0.365300709    0.341565999
    3.409380883    0.372238684    0.347858433
    3.417254742    0.379136730    0.354122983
    3.425128601    0.385993590    0.360359000
    3.433002460    0.392808021    0.366565847
    3.440876318    0.399578802    0.372742898
    3.448750177    0.406304730    0.378889533
    3.456624036    0.412984627    0.385005144
    3.464497895    0.419617343    0.391089133
    3.472371754    0.426201757    0.397140910
    3.480245613    0.432736782    0.403159898
    3.488119472    0.439221367    0.409145526
    3.495993330    0.445654501    0.415097236
    3.503867189    0.452035214    0.421014479
    3.511741048    0.458362582    0.426896718
    3.519614907    0.464635727    0.432743425
    3.527488766    0.470853824    0.438554084
    3.535362625    0.477016099    0.444328190
    3.543236483    0.483121830    0.450065249
    3.551110342    0.489170357    0.455764778
    3.558984201    0.495161072    0.461426306
    3.566858060    0.501093431    0.467049375
    3.574731919    0.506966946    0.472633538
    3.582605778    0.512781193    0.478178360
    3.590479637    0.518535808    0.483683420
    3.598353495    0.524230486    0.489148309
    3.606227354    0.529864984    0.494572630
    3.614101213    0.535439120    0.499956000
    3.621975072    0.540952768    0.505298049
    3.629848931    0.546405859    0.510598420
    3.637722790    0.551798381    0.515856770
    3.645596649    0.557130373    0.521072767
    3.653470507    0.562401926    0.526246096
    3.661344366    0.567613177    0.531376452
    3.669218225    0.572764307    0.536463547
    3.677092084    0.577855543    0.541507105
    3.684965943    0.582887143    0.546506861
    3.692839802    0.587859406    0.551462567
    3.700713661    0.592772657    0.556373988
    3.708587519    0.597627251    0.561240899
    3.716461378    0.602423563    0.566063092
    3.724335237    0.607161989    0.570840370
    3.732209096    0.611842942    0.575572551
    3.740082955    0.616466843    0.580259462
    3.747956814    0.621034123    0.584900948
    3.755830673    0.625545218    0.589496862
    3.763704531    0.630000564    0.594047071
    3.771578390    0.634400597    0.598551457
    3.779452249    0.638745745    0.603009910
    3.787326108    0.643036433    0.607422336
    3.795199967    0.647273072    0.611788649
    3.803073826    0.651456064    0.616108778
    3.810947684    0.655585799    0.620382663
    3.818821543    0.659662649    0.624610255
    3.826695402    0.663686974    0.628791516
    3.834569261    0.667659114    0.632926421
    3.842443120    0.671579397    0.637014956
    3.850316979    0.675448132    0.641057116
    3.858190838    0.679265612    0.645052910
    3.866064696    0.683032116    0.649002356
    3.873938555    0.686747906    0.652905484
    3.881812414    0.690413236    0.656762334
    3.889686273    0.694028343    0.660572958
    3.897560132    0.697593457    0.664337416
    3.905433991    0.701108800    0.668055782
    3.913307850    0.704574587    0.671728138
    3.921181708    0.707991031    0.675354577
    3.929055567    0.711358341    0.678935202
    3.936929426    0.714676729    0.682470126
    3.944803285    0.717946410    0.685959472
    3.952677144    0.721167603    0.689403374
    3.960551003    0.724340535    0.692801973
    3.968424862    0.727465445    0.696155421
    3.976298720    0.730542581    0.699463878
    3.984172579    0.733572206    0.702727516
    3.992046438    0.736554598    0.705946511
    3.999920297    0.739490053    0.709121051
    4.007794156    0.742378883    0.712251330
    4.015668015    0.745221421    0.715337551
    4.023541873    0.748018020    0.718379923
    4.031415732    0.750769053    0.721378665
    4.039289591    0.753474911    0.724333998
    4.047163450    0.756136011    0.727246153
    4.055037309    0.758752785    0.730115365
    4.062911168    0.761325689    0.732941876
    4.070785027    0.763855194    0.735725930
    4.078658885    0.766341792    0.738467780
    4.086532744    0.768785989    0.741167678
    4.094406603    0.771188308    0.743825883
    4.102280462    0.773549283    0.746442656
    4.110154321    0.775869461    0.749018259
    4.118028180    0.778149397    0.751552960
    4.125902039    0.780389654    0.754047024
    4.133775897    0.782590798    0.756500721
    4.141649756    0.784753400    0.758914318
    4.149523615    0.786878028    0.761288086
    4.157397474    0.788965249    0.763622294
    4.165271333    0.791015627    0.765917209
    4.173145192    0.793029716    0.768173100
    4.181019051    0.795008062    0.770390232
    4.188892909    0.796951199    0.772568870
    4.196766768    0.798859649    0.774709275
    4.204640627    0.800733917    0.776811709
    4.212514486    0.802574491    0.778876429
    4.220388345    0.804381841    0.780903688
    4.228262204    0.806156416    0.782893739
    4.236136062    0.807898646    0.784846830
    4.244009921    0.809608937    0.786763206
    4.251883780    0.811287673    0.788643109
    4.259757639    0.812935213    0.790486776
    4.267631498    0.814551894    0.792294442
    4.275505357    0.816138028    0.794066337
    4.283379216    0.817693906    0.795802689
    4.291253074    0.819219792    0.797503721
    4.299126933    0.820715929    0.799169651
    4.307000792    0.822182538    0.800800697
    4.314874651    0.823619818    0.802397071
    4.322748510    0.825027948    0.803958982
    4.330622369    0.826407087    0.805486635
    4.338496228    0.827757376    0.806980233
    4.346370086    0.829078941    0.808439976
    4.354243945    0.830371889    0.809866058
    4.362117804    0.831636317    0.811258674
    4.369991663    0.832872307    0.812618014
    4.377865522    0.834079930    0.813944265
    4.385739381    0.835259248    0.815237613
    4.393613240    0.836410316    0.816498240
    4.401487098    0.837533179    0.817726325
    4.409360957    0.838627881    0.818922047
    4.417234816    0.839694459    0.820085581
    4.425108675    0.840732948    0.821217100
    4.432982534    0.841743381    0.822316775
    4.440856393    0.842725792    0.823384774
    4.448730251    0.843680213    0.824421265
    4.456604110    0.844606679    0.825426410
    4.464477969    0.845505226    0.826400372
    4.472351828    0.846375894    0.827343312
    4.480225687    0.847218724    0.828255385
    4.488099546    0.848033763    0.829136747
    4.495973405    0.848821059    0.829987551
    4.503847263    0.849580666    0.830807946
    4.511721122    0.850312642    0.831598079
    4.519594981    0.851017047    0.832358095
    4.527468840    0.851693947    0.833088133
    4.535342699    0.852343411    0.833788333
    4.543216558    0.852965511    0.834458829
    4.551090417    0.853560323    0.835099752
    4.558964275    0.854127923    0.835711229
    4.566838134    0.854668393    0.836293383
    4.574711993    0.855181814    0.836846333
    4.582585852    0.855668268    0.837370196
    4.590459711    0.856127839    0.837865080
    4.598333570    0.856560610    0.838331092
    4.606207429    0.856966662    0.838768334
    4.614081287    0.857346078    0.839176900
    4.621955146    0.857698936    0.839556882
    4.629829005    0.858025313    0.839908365
    4.637702864    0.858325283    0.840231428
    4.645576723    0.858598915    0.840526145
    4.653450582    0.858846274    0.840792585
    4.661324441    0.859067423    0.841030810
    4.669198299    0.859262417    0.841240875
    4.677072158    0.859431307    0.841422831
    4.684946017    0.859574136    0.841576719
    4.692819876    0.859690943    0.841702577
    4.700693735    0.859781760    0.841800436
    4.708567594    0.859846611    0.841870318
    4.716441452    0.859885514    0.841912240
    4.724315311    0.859898481    0.841926213
    4.732189170    0.859885514    0.841912240
    4.740063029    0.859846611    0.841870318
    4.747936888    0.859781760    0.841800436
    4.755810747    0.859690943    0.841702577
    4.763684606    0.859574136    0.841576719
    4.771558464    0.859431307    0.841422831
    4.779432323    0.859262417    0.841240875
    4.787306182    0.859067423    0.841030810
    4.795180041    0.858846274    0.840792585
    4.803053900    0.858598915    0.840526145
    4.810927759    0.858325283    0.840231428
    4.818801618    0.858025313    0.839908365
    4.826675476    0.857698936    0.839556882
    4.834549335    0.857346078    0.839176900
    4.842423194    0.856966662    0.838768334
    4.850297053    0.856560610    0.838331092
    4.858170912    0.856127839    0.837865080
    4.866044771    0.855668268    0.837370196
    4.873918630    0.855181814    0.836846333
    4.881792488    0.854668393    0.836293383
    4.889666347    0.854127923    0.835711229
    4.897540206    0.853560323    0.835099752
    4.905414065    0.852965511    0.834458829
    4.913287924    0.852343411    0.833788333
    4.921161783    0.851693947    0.833088133
    4.929035641    0.851017047    0.832358095
    4.936909500    0.850312642    0.831598079
    4.944783359    0.849580666    0.830807946
    4.952657218    0.848821059    0.829987551
    4.960531077    0.848033763    0.829136747
    4.968404936    0.847218724    0.828255385
    4.976278795    0.846375894    0.827343312
    4.984152653    0.845505226    0.826400372
    4.992026512    0.844606679    0.825426410
    4.999900371    0.843680213    0.824421265
    5.007774230    0.842725792    0.823384774
    5.015648089    0.841743381    0.822316775
    5.023521948    0.840732948    0.821217100
    5.031395807    0.839694459    0.820085581
    5.039269665    0.838627881    0.818922047
    5.047143524    0.837533179    0.817726325
    5.055017383    0.836410316    0.816498240
    5.062891242    0.835259248    0.815237613
    5.070765101    0.834079930    0.813944265
    5.078638960    0.832872307    0.812618014
    5.086512819    0.831636317    0.811258674
    5.094386677    0.830371889    0.809866058
    5.102260536    0.829078941    0.808439976
    5.110134395    0.827757376    0.806980233
    5.118008254    0.826407087    0.805486635
    5.125882113    0.825027948    0.803958982
    5.133755972    0.823619818    0.802397071
    5.141629830    0.822182538    0.800800697
    5.149503689    0.820715929    0.799169651
    5.157377548    0.819219792    0.797503721
    5.165251407    0.817693906    0.795802689
    5.173125266    0.816138028    0.794066337
    5.180999125    0.814551894    0.792294442
    5.188872984    0.812935213    0.790486776
    5.196746842    0.811287673    0.788643109
    5.204620701    0.809608937    0.786763206
    5.212494560    0.807898646    0.784846830
    5.220368419    0.806156416    0.782893739
    5.228242278    0.804381841    0.780903688
    5.236116137    0.802574491    0.778876429
    5.243989996    0.800733917    0.776811709
    5.251863854    0.798859649    0.774709275
    5.259737713    0.796951199    0.772568870
    5.267611572    0.795008062    0.770390232
    5.275485431    0.793029716    0.768173100
    5.283359290    0.791015627    0.765917209
    5.291233149    0.788965249    0.763622294
    5.299107008    0.786878028    0.761288086
    5.306980866    0.784753400    0.758914318
    5.314854725    0.782590798    0.756500721
    5.322728584    0.780389654    0.754047024
    5.330602443    0.778149397    0.751552960
    5.338476302    0.775869461    0.749018259
    5.346350161    0.773549283    0.746442656
    5.354224019    0.771188308    0.743825883
    5.362097878    0.768785989    0.741167678
    5.369971737    0.766341792    0.738467780
    5.377845596    0.763855194    0.735725930
    5.385719455    0.761325689    0.732941876
    5.393593314    0.758752785    0.730115365
    5.401467173    0.756136011    0.727246153
    5.409341031    0.753474911    0.724333998
    5.417214890    0.750769053    0.721378665
    5.425088749    0.748018020    0.718379923
    5.432962608    0.745221421    0.715337551
    5.440836467    0.742378883    0.712251330
    5.448710326    0.739490053    0.709121051
    5.456584185    0.736554598    0.705946511
    5.464458043    0.733572206    0.702727516
    5.472331902    0.730542581    0.699463878
    5.480205761    0.727465445    0.696155421
    5.488079620    0.724340535    0.692801973
    5.495953479    0.721167603    0.689403374
    5.503827338    0.717946410    0.685959472
    5.511701197    0.714676729    0.682470126
    5.519575055    0.711358341    0.678935202
    5.527448914    0.707991031    0.675354577
    5.535322773    0.704574587    0.671728138
    5.543196632    0.701108800    0.668055782
    5.551070491    0.697593457    0.664337416
    5.558944350    0.694028343    0.660572958
    5.566818209    0.690413236    0.656762334
    5.574692067    0.686747906    0.652905484
    5.582565926    0.683032115    0.649002356
    5.590439785    0.679265612    0.645052910
    5.598313644    0.675448132    0.641057116
    5.606187503    0.671579397    0.637014956
    5.614061362    0.667659114    0.632926421
    5.621935220    0.663686974    0.628791516
    5.629809079    0.659662649    0.624610255
    5.637682938    0.655585799    0.620382663
    5.645556797    0.651456064    0.616108778
    5.653430656    0.647273072    0.611788649
    5.661304515    0.643036433    0.607422336
    5.669178374    0.638745745    0.603009910
    5.677052232    0.634400597    0.598551457
    5.684926091    0.630000564    0.594047071
    5.692799950    0.625545218    0.589496861
    5.700673809    0.621034123    0.584900948
    5.708547668    0.616466842    0.580259462
    5.716421527    0.611842941    0.575572551
    5.724295386    0.607161989    0.570840370
    5.732169244    0.602423562    0.566063092
    5.740043103    0.597627250    0.561240899
    5.747916962    0.592772657    0.556373988
    5.755790821    0.587859406    0.551462567
    5.763664680    0.582887143    0.546506861
    5.771538539    0.577855542    0.541507105
    5.779412398    0.572764307    0.536463547
    5.787286256    0.567613176    0.531376452
    5.795160115    0.562401926    0.526246095
    5.803033974    0.557130373    0.521072767
    5.810907833    0.551798381    0.515856769
    5.818781692    0.546405859    0.510598420
    5.826655551    0.540952768    0.505298049
    5.834529409    0.535439120    0.499956000
    5.842403268    0.529864984    0.494572630
    5.850277127    0.524230486    0.489148309
    5.858150986    0.518535807    0.483683420
    5.866024845    0.512781193    0.478178360
    5.873898704    0.506966946    0.472633538
    5.881772563    0.501093431    0.467049375
    5.889646421    0.495161072    0.461426306
    5.897520280    0.489170357    0.455764778
    5.905394139    0.483121830    0.450065249
    5.913267998    0.477016098    0.444328190
    5.921141857    0.470853824    0.438554084
    5.929015716    0.464635727    0.432743425
    5.936889575    0.458362582    0.426896718
    5.944763433    0.452035214    0.421014479
    5.952637292    0.445654501    0.415097235
    5.960511151    0.439221367    0.409145525
    5.968385010    0.432736782    0.403159897
    5.976258869    0.426201757    0.397140910
    5.984132728    0.419617343    0.391089133
    5.992006587    0.412984627    0.385005144
    5.999880445    0.406304730    0.378889533
    6.007754304    0.399578802    0.372742898
    6.015628163    0.392808021    0.366565847
    6.023502022    0.385993590    0.360359000
    6.031375881    0.379136730    0.354122983
    6.039249740    0.372238684    0.347858433
    6.047123598    0.365300709    0.341565999
    6.054997457    0.358324074    0.335246335
    6.062871316    0.351310060    0.328900110
    6.070745175    0.344259956    0.322527998
    6.078619034    0.337175057    0.316130686
    6.086492893    0.330056661    0.309708869
    6.094366752    0.322906068    0.303263253
    6.102240610    0.315724582    0.296794555
    6.110114469    0.308513502    0.290303502
    6.117988328    0.301274126    0.283790830
    6.125862187    0.294007751    0.277257286
    6.133736046    0.286715667    0.270703631
    6.141609905    0.279399162    0.264130632
    6.149483764    0.272059515    0.257539071
    6.157357622    0.264698002    0.250929740
    6.165231481    0.257315891    0.244303442
    6.173105340    0.249914445    0.237660992
    6.180979199    0.242494918    0.231003216
    6.188853058    0.235058559    0.224330952
    6.196726917    0.227606609    0.217645049
    6.204600776    0.220140303    0.210946369
    6.212474634    0.212660868    0.204235786
    6.220348493    0.205169526    0.197514182
    6.228222352    0.197667492    0.190782455
    6.236096211    0.190155973    0.184041511
    6.243970070    0.182636171    0.177292270
    6.251843929    0.175109282    0.170535661
    6.259717788    0.167576495    0.163772625
    6.267591646    0.160038993    0.157004113
    6.275465505    0.152497953    0.150231086
    6.283339364    0.144954545    0.143454516
    6.291213223    0.137409936    0.136675384
    6.299087082    0.129865282    0.129894678
    6.306960941    0.122321737    0.123113399
    6.314834799    0.114780445    0.116332554
    6.322708658    0.107242547    0.109553156
    6.330582517    0.099709174    0.102776229
    6.338456376    0.092181452    0.096002800
    6.346330235    0.084660500    0.089233905
    6.354204094    0.077147430    0.082470585
    6.362077953    0.069643345    0.075713885
    6.369951811    0.062149343    0.068964856
    6.377825670    0.054666515    0.062224551
    6.385699529    0.047195941    0.055494029
    6.393573388    0.039738699    0.048774348
    6.401447247    0.032295856    0.042066572
    6.409321106    0.024868472    0.035371765
    6.417194965    0.017457604    0.028690991
    6.425068823    0.010064297    0.022025316
    6.432942682    0.002689594    0.015375805
    6.440816541   -0.004665470    0.008743523
    6.448690400   -0.011999864    0.002129533
    6.456564259   -0.019312563   -0.004465102
    6.464438118   -0.026602547   -0.011039322
    6.472311977   -0.033868798   -0.017592070
    6.480185835   -0.041110303   -0.024122290
    6.488059694   -0.048326051   -0.030628933
    6.495933553   -0.055515032   -0.037110949
    6.503807412   -0.062676239   -0.043567295
    6.511681271   -0.069808664   -0.049996933
    6.519555130   -0.076911300   -0.056398826
    6.527428988   -0.083983140   -0.062771946
    6.535302847   -0.091023172   -0.069115267
    6.543176706   -0.098030388   -0.075427771
    6.551050565   -0.105003773   -0.081708445
    6.558924424   -0.111942310   -0.087956281
    6.566798283   -0.118844982   -0.094170277
    6.574672142   -0.125710764   -0.100349438
    6.582546000   -0.132538630   -0.106492776
    6.590419859   -0.139327549   -0.112599309
    6.598293718   -0.146076488   -0.118668062
    6.606167577   -0.152784408   -0.124698066
    6.614041436   -0.159450267   -0.130688360
    6.621915295   -0.166073019   -0.136637991
    6.629789154   -0.172651617   -0.142546011
    6.637663012   -0.179185009   -0.148411482
    6.645536871   -0.185672142   -0.154233471
    6.653410730   -0.192111962   -0.160011056
    6.661284589   -0.198503411   -0.165743320
    6.669158448   -0.204845436   -0.171429355
    6.677032307   -0.211136980   -0.177068261
    6.684906166   -0.217376990   -0.182659147
    6.692780024   -0.223564414   -0.188201128
    6.700653883   -0.229698206   -0.193693331
    6.708527742   -0.235777322   -0.199134888
    6.716401601   -0.241800723   -0.204524941
    6.724275460   -0.247767378   -0.209862643
    6.732149319   -0.253676262   -0.215147151
    6.740023177   -0.259526357   -0.220377637
    6.747897036   -0.265316658   -0.225553277
    6.755770895   -0.271046164   -0.230673260
    6.763644754   -0.276713889   -0.235736781
    6.771518613   -0.282318857   -0.240743047
    6.779392472   -0.287860103   -0.245691273
    6.787266331   -0.293336675   -0.250580686
    6.795140189   -0.298747633   -0.255410519
    6.803014048   -0.304092054   -0.260180019
    6.810887907   -0.309369023   -0.264888440
    6.818761766   -0.314577644   -0.269535047
    6.826635625   -0.319717032   -0.274119115
    6.834509484   -0.324786317   -0.278639929
    6.842383343   -0.329784644   -0.283096785
    6.850257201   -0.334711172   -0.287488988
    6.858131060   -0.339565072   -0.291815854
    6.866004919   -0.344345533   -0.296076711
    6.873878778   -0.349051753   -0.300270894
    6.881752637   -0.353682948   -0.304397752
    6.889626496   -0.358238343   -0.308456643
    6.897500355   -0.362717179   -0.312446935
    6.905374213   -0.367118709   -0.316368008
    6.913248072   -0.371442197   -0.320219252
    6.921121931   -0.375686921   -0.324000069
    6.928995790   -0.379852169   -0.327709871
    6.936869649   -0.383937242   -0.331348081
    6.944743508   -0.387941451   -0.334914133
    6.952617366   -0.391864120   -0.338407472
    6.960491225   -0.395704582   -0.341827556
    6.968365084   -0.399462184   -0.345173851
    6.976238943   -0.403136279   -0.348445838
    6.984112802   -0.406726238   -0.351643008
    6.991986661   -0.410231436   -0.354764863
    6.999860520   -0.413651266   -0.357810918
    7.007734378   -0.416985127   -0.360780700
    7.015608237   -0.420232435   -0.363673746
    7.023482096   -0.423392615   -0.366489607
    7.031355955   -0.426465105   -0.369227848
    7.039229814   -0.429449359   -0.371888042
    7.047103673   -0.432344841   -0.374469780
    7.054977532   -0.435151032   -0.376972661
    7.062851390   -0.437867428   -0.379396300
    7.070725249   -0.440493540   -0.381740325
    7.078599108   -0.443028893   -0.384004376
    7.086472967   -0.445473033   -0.386188107
    7.094346826   -0.447825521   -0.388291186
    7.102220685   -0.450085936   -0.390313295
    7.110094544   -0.452253875   -0.392254130
    7.117968402   -0.454328957   -0.394113401
    7.125842261   -0.456310819   -0.395890831
    7.133716120   -0.458199117   -0.397586159
    7.141589979   -0.459993531   -0.399199139
    7.149463838   -0.461693758   -0.400729538
    7.157337697   -0.463299520   -0.402177138
    7.165211556   -0.464810559   -0.403541737
    7.173085414   -0.466226639   -0.404823147
    7.180959273   -0.467547546   -0.406021196
    7.188833132   -0.468773087   -0.407135727
    7.196706991   -0.469903094   -0.408166595
    7.204580850   -0.470937419   -0.409113676
    7.212454709   -0.471875934   -0.409976855
    7.220328567   -0.472718537   -0.410756037
    7.228202426   -0.473465143   -0.411451140
    7.236076285   -0.474115692   -0.412062097
    7.243950144   -0.474670141   -0.412588857
    7.251824003   -0.475128469   -0.413031384
    7.259697862   -0.475490677   -0.413389657
    7.267571721   -0.475756781   -0.413663670
    7.275445579   -0.475926821   -0.413853430
    7.283319438   -0.476000852   -0.413958964
    7.291193297   -0.475978948   -0.413980308
    7.299067156   -0.475861201   -0.413917517
    7.306941015   -0.475647721   -0.413770658
    7.314814874   -0.475338632   -0.413539814
    7.322688733   -0.474934079   -0.413225082
    7.330562591   -0.474434218   -0.412826574
    7.338436450   -0.473839225   -0.412344416
    7.346310309   -0.473149289   -0.411778748
    7.354184168   -0.472364614   -0.411129725
    7.362058027   -0.471485421   -0.410397515
    7.369931886   -0.470511945   -0.409582300
    7.377805745   -0.469444435   -0.408684278
    7.385679603   -0.468283157   -0.407703658
    7.393553462   -0.467028388   -0.406640665
    7.401427321   -0.465680425   -0.405495538
    7.409301180   -0.464239576   -0.404268529
    7.417175039   -0.462706167   -0.402959902
    7.425048898   -0.461080537   -0.401569938
    7.432922756   -0.459363042   -0.400098930
    7.440796615   -0.457554054   -0.398547185
    7.448670474   -0.455653961   -0.396915022
    7.456544333   -0.453663166   -0.395202777
    7.464418192   -0.451582092   -0.393410796
    7.472292051   -0.449411175   -0.391539441
    7.480165910   -0.447150872   -0.389589087
    7.488039768   -0.444801655   -0.387560122
    7.495913627   -0.442364015   -0.385452948
    7.503787486   -0.439838459   -0.383267979
    7.511661345   -0.437225515   -0.381005646
    7.519535204   -0.434525728   -0.378666389
    7.527409063   -0.431739661   -0.376250666
    7.535282922   -0.428867895   -0.373758944
    7.543156780   -0.425911030   -0.371191707
    7.551030639   -0.422869685   -0.368549449
    7.558904498   -0.419744495   -0.365832679
    7.566778357   -0.416536114   -0.363041920
    7.574652216   -0.413245214   -0.360177705
    7.582526075   -0.409872484   -0.357240583
    7.590399934   -0.406418630   -0.354231115
    7.598273792   -0.402884373   -0.351149873
    7.606147651   -0.399270453   -0.347997443
    7.614021510   -0.395577622   -0.344774423
    7.621895369   -0.391806649   -0.341481424
    7.629769228   -0.387958317   -0.338119067
    7.637643087   -0.384033421   -0.334687989
    7.645516945   -0.380032770   -0.331188833
    7.653390804   -0.375957186   -0.327622259
    7.661264663   -0.371807500   -0.323988935
    7.669138522   -0.367584556   -0.320289541
    7.677012381   -0.363289206   -0.316524769
    7.684886240   -0.358922314   -0.312695319
    7.692760099   -0.354484749   -0.308801905
    7.700633957   -0.349977390   -0.304845248
    7.708507816   -0.345401123   -0.300826083
    7.716381675   -0.340756840   -0.296745150
    7.724255534   -0.336045439   -0.292603203
    7.732129393   -0.331267824   -0.288401002
    7.740003252   -0.326424904   -0.284139320
    7.747877111   -0.321517592   -0.279818935
    7.755750969   -0.316546806   -0.275440636
    7.763624828   -0.311513466   -0.271005222
    7.771498687   -0.306418498   -0.266513497
    7.779372546   -0.301262830   -0.261966275
    7.787246405   -0.296047394   -0.257364380
    7.795120264   -0.290773126   -0.252708641
    7.802994123   -0.285440963   -0.247999895
    7.810867981   -0.280051847   -0.243238989
    7.818741840   -0.274606724   -0.238426776
    7.826615699   -0.269106543   -0.233564116
    7.834489558   -0.263552257   -0.228651877
    7.842363417   -0.257944822   -0.223690933
    7.850237276   -0.252285200   -0.218682167
    7.858111134   -0.246574358   -0.213626467
    7.865984993   -0.240813267   -0.208524729
    7.873858852   -0.235002903   -0.203377854
    7.881732711   -0.229144251   -0.198186752
    7.889606570   -0.223238299   -0.192952338
    7.897480429   -0.217286042   -0.187675533
    7.905354288   -0.211288485   -0.182357265
    7.913228146   -0.205246636   -0.176998469
    7.921102005   -0.199161515   -0.171600084
    7.928975864   -0.193034148   -0.166163056
    7.936849723   -0.186865568   -0.160688337
    7.944723582   -0.180656819   -0.155176884
    7.952597441   -0.174408952   -0.149629660
    7.960471300   -0.168123028   -0.144047632
    7.968345158   -0.161800116   -0.138431773
    7.976219017   -0.155441295   -0.132783062
    7.984092876   -0.149047651   -0.127102480
    7.991966735   -0.142620280   -0.121391015
    7.999840594   -0.136160286   -0.115649657
    8.007714453   -0.129668783   -0.109879401
    8.015588312   -0.123146889   -0.104081246
    8.023462170   -0.116595733   -0.098256192
    8.031336029   -0.110016451   -0.092405245
    8.039209888   -0.103410184   -0.086529410
    8.047083747   -0.096778080   -0.080629699
    8.054957606   -0.090121292   -0.074707120
    8.062831465   -0.083440978   -0.068762687
    8.070705324   -0.076738301   -0.062797413
    8.078579182   -0.070014427   -0.056812312
    8.086453041   -0.063270524   -0.050808396
    8.094326900   -0.056507763   -0.044786681
    8.102200759   -0.049727316   -0.038748179
    8.110074618   -0.042930356   -0.032693901
    8.117948477   -0.036118055   -0.026624856
    8.125822335   -0.029291583   -0.020542053
    8.133696194   -0.022452112   -0.014446496
    8.141570053   -0.015600809   -0.008339187
    8.149443912   -0.008738839   -0.002221123
    8.157317771   -0.001867362    0.003906701
    8.165191630    0.005012463    0.010043296
    8.173065489    0.011899483    0.016187678
    8.180939347    0.018792551    0.022338867
    8.188813206    0.025690523    0.028495890
    8.196687065    0.032592261    0.034657780
    8.204560924    0.039496632    0.040823576
    8.212434783    0.046402510    0.046992325
    8.220308642    0.053308773    0.053163079
    8.228182501    0.060214305    0.059334898
    8.236056359    0.067117995    0.065506853
    8.243930218    0.074018738    0.071678018
    8.251804077    0.080915434    0.077847478
    8.259677936    0.087806985    0.084014326
    8.267551795    0.094692299    0.090177663
    8.275425654    0.101570288    0.096336598
    8.283299513    0.108439867    0.102490251
    8.291173371    0.115299951    0.108637747
    8.299047230    0.122149460    0.114778224
    8.306921089    0.128987315    0.120910824
    8.314794948    0.135812436    0.127034703
    8.322668807    0.142623746    0.133149020
    8.330542666    0.149420167    0.139252949
    8.338416524    0.156200619    0.145345666
    8.346290383    0.162964023    0.151426361
    8.354164242    0.169709298    0.157494228
    8.362038101    0.176435363    0.163548473
    8.369911960    0.183141134    0.169588307
    8.377785819    0.189825525    0.175612950
    8.385659678    0.196487449    0.181621631
    8.393533536    0.203125821    0.187613585
    8.401407395    0.209739549    0.193588056
    8.409281254    0.216327547    0.199544292
    8.417155113    0.222888726    0.205481553
    8.425028972    0.229421998    0.211399102
    8.432902831    0.235926279    0.217296211
    8.440776690    0.242400487    0.223172159
    8.448650548    0.248843546    0.229026229
    8.456524407    0.255254385    0.234857714
    8.464398266    0.261631941    0.240665910
    8.472272125    0.267975160    0.246450123
    8.480145984    0.274283000    0.252209663
    8.488019843    0.280554433    0.257943847
    8.495893702    0.286788444    0.263651998
    8.503767560    0.292984037    0.269333445
    8.511641419    0.299140236    0.274987524
    8.519515278    0.305256085    0.280613578
    8.527389137    0.311330654    0.286210954
    8.535262996    0.317363039    0.291779009
    8.543136855    0.323352365    0.297317103
    8.551010713    0.329297786    0.302824605
    8.558884572    0.335198491    0.308300891
    8.566758431    0.341053704    0.313745343
    8.574632290    0.346862684    0.319157350
    8.582506149    0.352624731    0.324536308
    8.590380008    0.358339185    0.329881624
    8.598253867    0.364005427    0.335192707
    8.606127725    0.369622881    0.340468980
    8.614001584    0.375191017    0.345709868
    8.621875443    0.380709347    0.350914809
    8.629749302    0.386177432    0.356083248
    8.637623161    0.391594875    0.361214638
    8.645497020    0.396961327    0.366308441
    8.653370879    0.402276485    0.371364130
    8.661244737    0.407540088    0.376381184
    8.669118596    0.412751921    0.381359094
    8.676992455    0.417911812    0.386297361
    8.684866314    0.423019630    0.391195493
    8.692740173    0.428075282    0.396053011
    8.700614032    0.433078716    0.400869444
    8.708487891    0.438029912    0.405644332
    8.716361749    0.442928886    0.410377227
    8.724235608    0.447775682    0.415067689
    8.732109467    0.452570373    0.419715289
    8.739983326    0.457313055    0.424319611
    8.747857185    0.462003847    0.428880246
    8.755731044    0.466642885    0.433396798
    8.763604903    0.471230320    0.437868883
    8.771478761    0.475766313    0.442296126
    8.779352620    0.480251036    0.446678163
    8.787226479    0.484684662    0.451014642
    8.795100338    0.489067367    0.455305220
    8.802974197    0.493399323    0.459549567
    8.810848056    0.497680699    0.463747364
    8.818721914    0.501911652    0.467898300
    8.826595773    0.506092331    0.472002077
    8.834469632    0.510222869    0.476058408
    8.842343491    0.514303383    0.480067017
    8.850217350    0.518333970    0.484027635
    8.858091209    0.522314707    0.487940008
    8.865965068    0.526245648    0.491803890
    8.873838926    0.530126824    0.495619046
    8.881712785    0.533958239    0.499385251
    8.889586644    0.537739872    0.503102290
    8.897460503    0.541471675    0.506769958
    8.905334362    0.545153576    0.510388060
    8.913208221    0.548785472    0.513956410
    8.921082080    0.552367237    0.517474833
    8.928955938    0.555898719    0.520943161
    8.936829797    0.559379742    0.524361238
    8.944703656    0.562810107    0.527728915
    8.952577515    0.566189592    0.531046051
    8.960451374    0.569517958    0.534312515
    8.968325233    0.572794947    0.537528185
    8.976199092    0.576020286    0.540692946
    8.984072950    0.579193689    0.543806689
    8.991946809    0.582314859    0.546869316
    8.999820668    0.585383493    0.549880734
    9.007694527    0.588399282    0.552840856
    9.015568386    0.591361914    0.555749606
    9.023442245    0.594271078    0.558606909
    9.031316103    0.597126466    0.561412698
    9.039189962    0.599927777    0.564166914
    9.047063821    0.602674718    0.566869499
    9.054937680    0.605367006    0.569520403
    9.062811539    0.608004374    0.572119579
    9.070685398    0.610586568    0.574666984
    9.078559257    0.613113356    0.577162581
    9.086433115    0.615584522    0.579606334
    9.094306974    0.617999874    0.581998210
    9.102180833    0.620359243    0.584338180
    9.110054692    0.622662485    0.586626215
    9.117928551    0.624909481    0.588862291
    9.125802410    0.627100140    0.591046383
    9.133676269    0.629234396    0.593178467
    9.141550127    0.631312213    0.595258521
    9.149423986    0.633333581    0.597286523
    9.157297845    0.635298520    0.599262452
    9.165171704    0.637207073    0.601186284
    9.173045563    0.639059315    0.603057998
    9.180919422    0.640855344    0.604877569
    9.188793281    0.642595282    0.606644975
    9.196667139    0.644279279    0.608360189
    9.204540998    0.645907504    0.610023186
    9.212414857    0.647480147    0.611633937
    9.220288716    0.648997421    0.613192413
    9.228162575    0.650459554    0.614698583
    9.236036434    0.651866791    0.616152416
    9.243910292    0.653219391    0.617553876
    9.251784151    0.654517624    0.618902929
    9.259658010    0.655761773    0.620199538
    9.267531869    0.656952128    0.621443664
    9.275405728    0.658088984    0.622635269
    9.283279587    0.659172641    0.623774312
    9.291153446    0.660203401    0.624860752
    9.299027304    0.661181568    0.625894546
    9.306901163    0.662107441    0.626875653
    9.314775022    0.662981317    0.627804029
    9.322648881    0.663803489    0.628679633
    9.330522740    0.664574240    0.629502423
    9.338396599    0.665293847    0.630272356
    9.346270458    0.665962573    0.630989392
    9.354144316    0.666580674    0.631653493
    9.362018175    0.667148388    0.632264619
    9.369892034    0.667665942    0.632822736
    9.377765893    0.668133545    0.633327809
    9.385639752    0.668551390    0.633779806
    9.393513611    0.668919653    0.634178699
    9.401387470    0.669238490    0.634524461
    9.409261328    0.669508039    0.634817070
    9.417135187    0.669728417    0.635056505
    9.425009046    0.669899721    0.635242749
    9.432882905    0.670022027    0.635375790
    9.440756764    0.670095388    0.635455619
