    0.000000000    0.511040763    0.510989960
    0.015747718    0.511040417    0.510989799
    0.031495435    0.511039395    0.510989316
    0.047243153    0.511037743    0.510988516
    0.062990871    0.511035531    0.510987404
    0.078738589    0.511032854    0.510985988
    0.094486306    0.511029817    0.510984278
    0.110234024    0.511026535    0.510982282
    0.125981742    0.511023118    0.510980010
    0.141729459    0.511019668    0.510977470
    0.157477177    0.511016268    0.510974668
    0.173224895    0.511012977    0.510971608
    0.188972612    0.511009825    0.510968294
    0.204720330    0.511006811    0.510964722
    0.220468048    0.511003906    0.510960890
    0.236215766    0.511001048    0.510956790
    0.251963483    0.510998153    0.510952415
    0.267711201    0.510995120    0.510947754
    0.283458919    0.510991834    0.510942796
    0.299206636    0.510988180    0.510937528
    0.314954354    0.510984048    0.510931941
    0.330702072    0.510979342    0.510926023
    0.346449789    0.510973988    0.510919766
    0.362197507    0.510967936    0.510913166
    0.377945225    0.510961167    0.510906217
    0.393692943    0.510953694    0.510898918
    0.409440660    0.510945559    0.510891273
    0.425188378    0.510936831    0.510883283
    0.440936096    0.510927601    0.510874956
    0.456683813    0.510917972    0.510866297
    0.472431531    0.510908058    0.510857313
    0.488179249    0.510897968    0.510848012
    0.503926967    0.510887803    0.510838400
    0.519674684    0.510877644    0.510828479
    0.535422402    0.510867550    0.510818254
    0.551170120    0.510857551    0.510807721
    0.566917837    0.510847646    0.510796879
    0.582665555    0.510837801    0.510785721
    0.598413273    0.510827957    0.510774237
    0.614160990    0.510818025    0.510762416
    0.629908708    0.510807901    0.510750246
    0.645656426    0.510797469    0.510737712
    0.661404144    0.510786610    0.510724800
    0.677151861    0.510775208    0.510711496
    0.692899579    0.510763165    0.510697787
    0.708647297    0.510750400    0.510683661
    0.724395014    0.510736861    0.510669111
    0.740142732    0.510722525    0.510654128
    0.755890450    0.510707399    0.510638710
    0.771638167    0.510691523    0.510622856
    0.787385885    0.510674962    0.510606565
    0.803133603    0.510657805    0.510589840
    0.818881321    0.510640154    0.510572686
    0.834629038    0.510622120    0.510555106
    0.850376756    0.510603813    0.510537104
    0.866124474    0.510585330    0.510518683
    0.881872191    0.510566755    0.510499843
    0.897619909    0.510548143    0.510480584
    0.913367627    0.510529524    0.510460901
    0.929115345    0.510510896    0.510440786
    0.944863062    0.510492222    0.510420231
    0.960610780    0.510473439    0.510399221
    0.976358498    0.510454456    0.510377743
    0.992106215    0.510435164    0.510355778
    1.007853933    0.510415441    0.510333309
    1.023601651    0.510395162    0.510310317
    1.039349368    0.510374208    0.510286784
    1.055097086    0.510352471    0.510262692
    1.070844804    0.510329866    0.510238026
    1.086592522    0.510306332    0.510212773
    1.102340239    0.510281842    0.510186921
    1.118087957    0.510256398    0.510160462
    1.133835675    0.510230034    0.510133390
    1.149583392    0.510202811    0.510105701
    1.165331110    0.510174815    0.510077393
    1.181078828    0.510146145    0.510048466
    1.196826545    0.510116910    0.510018918
    1.212574263    0.510087217    0.509988748
    1.228321981    0.510057163    0.509957954
    1.244069699    0.510026828    0.509926532
    1.259817416    0.509996268    0.509894475
    1.275565134    0.509965508    0.509861773
    1.291312852    0.509934542    0.509828413
    1.307060569    0.509903330    0.509794379
    1.322808287    0.509871804    0.509759653
    1.338556005    0.509839865    0.509724212
    1.354303723    0.509807397    0.509688034
    1.370051440    0.509774271    0.509651092
    1.385799158    0.509740350    0.509613362
    1.401546876    0.509705507    0.509574818
    1.417294593    0.509669624    0.509535436
    1.433042311    0.509632605    0.509495193
    1.448790029    0.509594381    0.509454067
    1.464537746    0.509554914    0.509412041
    1.480285464    0.509514198    0.509369098
    1.496033182    0.509472259    0.509325226
    1.511780900    0.509429153    0.509280411
    1.527528617    0.509384959    0.509234645
    1.543276335    0.509339771    0.509187919
    1.559024053    0.509293694    0.509140223
    1.574771770    0.509246831    0.509091548
    1.590519488    0.509199275    0.509041884
    1.606267206    0.509151102    0.508991217
    1.622014923    0.509102363    0.508939532
    1.637762641    0.509053077    0.508886808
    1.653510359    0.509003231    0.508833025
    1.669258077    0.508952779    0.508778155
    1.685005794    0.508901640    0.508722169
    1.700753512    0.508849708    0.508665036
    1.716501230    0.508796851    0.508606719
    1.732248947    0.508742927    0.508547184
    1.747996665    0.508687787    0.508486393
    1.763744383    0.508631285    0.508424307
    1.779492101    0.508573288    0.508360892
    1.795239818    0.508513686    0.508296111
    1.810987536    0.508452394    0.508229932
    1.826735254    0.508389359    0.508162323
    1.842482971    0.508324562    0.508093255
    1.858230689    0.508258017    0.508022702
    1.873978407    0.508189767    0.507950639
    1.889726124    0.508119882    0.507877043
    1.905473842    0.508048447    0.507801891
    1.921221560    0.507975559    0.507725161
    1.936969278    0.507901312    0.507646829
    1.952716995    0.507825793    0.507566869
    1.968464713    0.507749068    0.507485254
    1.984212431    0.507671178    0.507401952
    1.999960148    0.507592133    0.507316927
    2.015707866    0.507511908    0.507230141
    2.031455584    0.507430441    0.507141551
    2.047203301    0.507347636    0.507051108
    2.062951019    0.507263367    0.506958764
    2.078698737    0.507177484    0.506864463
    2.094446455    0.507089821    0.506768151
    2.110194172    0.507000205    0.506669770
    2.125941890    0.506908467    0.506569263
    2.141689608    0.506814449    0.506466572
    2.157437325    0.506718015    0.506361641
    2.173185043    0.506619056    0.506254415
    2.188932761    0.506517495    0.506144842
    2.204680479    0.506413291    0.506032870
    2.220428196    0.506306436    0.505918451
    2.236175914    0.506196956    0.505801538
    2.251923632    0.506084901    0.505682082
    2.267671349    0.505970341    0.505560040
    2.283419067    0.505853356    0.505435363
    2.299166785    0.505734025    0.505308004
    2.314914502    0.505612419    0.505177911
    2.330662220    0.505488587    0.505045030
    2.346409938    0.505362554    0.504909303
    2.362157656    0.505234309    0.504770667
    2.377905373    0.505103804    0.504629055
    2.393653091    0.504970953    0.504484392
    2.409400809    0.504835632    0.504336603
    2.425148526    0.504697684    0.504185603
    2.440896244    0.504556923    0.504031309
    2.456643962    0.504413149    0.503873629
    2.472391679    0.504266148    0.503712474
    2.488139397    0.504115711    0.503547751
    2.503887115    0.503961640    0.503379367
    2.519634833    0.503803755    0.503207228
    2.535382550    0.503641908    0.503031245
    2.551130268    0.503475981    0.502851325
    2.566877986    0.503305895    0.502667380
    2.582625703    0.503131605    0.502479322
    2.598373421    0.502953103    0.502287065
    2.614121139    0.502770404    0.502090522
    2.629868857    0.502583549    0.501889605
    2.645616574    0.502392587    0.501684227
    2.661364292    0.502197567    0.501474296
    2.677112010    0.501998530    0.501259717
    2.692859727    0.501795495    0.501040391
    2.708607445    0.501588452    0.500816214
    2.724355163    0.501377355    0.500587074
    2.740102880    0.501162115    0.500352855
    2.755850598    0.500942604    0.500113433
    2.771598316    0.500718649    0.499868678
    2.787346034    0.500490039    0.499618454
    2.803093751    0.500256534    0.499362620
    2.818841469    0.500017870    0.499101031
    2.834589187    0.499773771    0.498833535
    2.850336904    0.499523960    0.498559982
    2.866084622    0.499268172    0.498280218
    2.881832340    0.499006157    0.497994088
    2.897580057    0.498737697    0.497701438
    2.913327775    0.498462609    0.497402113
    2.929075493    0.498180746    0.497095958
    2.944823211    0.497892002    0.496782820
    2.960570928    0.497596304    0.496462545
    2.976318646    0.497293614    0.496134977
    2.992066364    0.496983912    0.495799959
    3.007814081    0.496667194    0.495457331
    3.023561799    0.496343456    0.495106930
    3.039309517    0.496012683    0.494748585
    3.055057235    0.495674838    0.494382120
    3.070804952    0.495329853    0.494007352
    3.086552670    0.494977619    0.493624088
    3.102300388    0.494617979    0.493232128
    3.118048105    0.494250729    0.492831262
    3.133795823    0.493875619    0.492421270
    3.149543541    0.493492349    0.492001927
    3.165291258    0.493100587    0.491572995
    3.181038976    0.492699969    0.491134234
    3.196786694    0.492290114    0.490685395
    3.212534412    0.491870637    0.490226224
    3.228282129    0.491441159    0.489756466
    3.244029847    0.491001319    0.489275861
    3.259777565    0.490550785    0.488784146
    3.275525282    0.490089259    0.488281058
    3.291273000    0.489616486    0.487766332
    3.307020718    0.489132250    0.487239703
    3.322768435    0.488636376    0.486700900
    3.338516153    0.488128722    0.486149653
    3.354263871    0.487609172    0.485585685
    3.370011589    0.487077625    0.485008715
    3.385759306    0.486533982    0.484418456
    3.401507024    0.485978132    0.483814610
    3.417254742    0.485409940    0.483196872
    3.433002459    0.484829236    0.482564923
    3.448750177    0.484235801    0.481918434
    3.464497895    0.483629364    0.481257063
    3.480245613    0.483009597    0.480580454
    3.495993330    0.482376111    0.479888238
    3.511741048    0.481728467    0.479180034
    3.527488766    0.481066172    0.478455448
    3.543236483    0.480388699    0.477714076
    3.558984201    0.479695494    0.476955503
    3.574731919    0.478985988    0.476179305
    3.590479636    0.478259616    0.475385053
    3.606227354    0.477515825    0.474572311
    3.621975072    0.476754092    0.473740637
    3.637722790    0.475973928    0.472889585
    3.653470507    0.475174887    0.472018706
    3.669218225    0.474356570    0.471127545
    3.684965943    0.473518622    0.470215642
    3.700713660    0.472660725    0.469282534
    3.716461378    0.471782594    0.468327747
    3.732209096    0.470883960    0.467350800
    3.747956813    0.469964560    0.466351200
    3.763704531    0.469024119    0.465328441
    3.779452249    0.468062334    0.464282002
    3.795199967    0.467078861    0.463211346
    3.810947684    0.466073302    0.462115917
    3.826695402    0.465045190    0.460995138
    3.842443120    0.463993990    0.459848413
    3.858190837    0.462919093    0.458675126
    3.873938555    0.461819815    0.457474639
    3.889686273    0.460695410    0.456246297
    3.905433991    0.459545074    0.454989426
    3.921181708    0.458367964    0.453703336
    3.936929426    0.457163207    0.452387322
    3.952677144    0.455929926    0.451040668
    3.968424861    0.454667248    0.449662648
    3.984172579    0.453374325    0.448252526
    3.999920297    0.452050347    0.446809560
    4.015668014    0.450694551    0.445333003
    4.031415732    0.449306226    0.443822098
    4.047163450    0.447884716    0.442276087
    4.062911168    0.446429416    0.440694199
    4.078658885    0.444939762    0.439075654
    4.094406603    0.443415217    0.437419661
    4.110154321    0.441855257    0.435725410
    4.125902038    0.440259353    0.433992068
    4.141649756    0.438626946    0.432218780
    4.157397474    0.436957428    0.430404655
    4.173145191    0.435250128    0.428548768
    4.188892909    0.433504288    0.426650151
    4.204640627    0.431719057    0.424707789
    4.220388345    0.429893483    0.422720617
    4.236136062    0.428026507    0.420687512
    4.251883780    0.426116973    0.418607293
    4.267631498    0.424163633    0.416478716
    4.283379215    0.422165165    0.414300475
    4.299126933    0.420120189    0.412071197
    4.314874651    0.418027295    0.409789447
    4.330622369    0.415885059    0.407453723
    4.346370086    0.413692075    0.405062461
    4.362117804    0.411446975    0.402614035
    4.377865522    0.409148449    0.400106760
    4.393613239    0.406795260    0.397538896
    4.409360957    0.404386254    0.394908650
    4.425108675    0.401920366    0.392214179
    4.440856392    0.399396611    0.389453596
    4.456604110    0.396814079    0.386624970
    4.472351828    0.394171909    0.383726337
    4.488099546    0.391469270    0.380755696
    4.503847263    0.388705327    0.377711019
    4.519594981    0.385879209    0.374590255
    4.535342699    0.382989967    0.371391331
    4.551090416    0.380036536    0.368112162
    4.566838134    0.377017702    0.364750651
    4.582585852    0.373932058    0.361304697
    4.598333569    0.370777978    0.357772199
    4.614081287    0.367553586    0.354151060
    4.629829005    0.364256739    0.350439194
    4.645576723    0.360885010    0.346634528
    4.661324440    0.357435685    0.342735007
    4.677072158    0.353905763    0.338738598
    4.692819876    0.350291964    0.334643293
    4.708567593    0.346590748    0.330447110
    4.724315311    0.342798336    0.326148095
    4.740063029    0.338910735    0.321744323
    4.755810747    0.334923773    0.317233894
    4.771558464    0.330833133    0.312614935
    4.787306182    0.326634390    0.307885594
    4.803053900    0.322323048    0.303044037
    4.818801617    0.317894581    0.298088445
    4.834549335    0.313344471    0.293017005
    4.850297053    0.308668244    0.287827909
    4.866044770    0.303861509    0.282519344
    4.881792488    0.298919990    0.277089491
    4.897540206    0.293839565    0.271536517
    4.913287924    0.288616291    0.265858574
    4.929035641    0.283246442    0.260053792
    4.944783359    0.277726530    0.254120286
    4.960531077    0.272053338    0.248056150
    4.976278794    0.266223939    0.241859461
    4.992026512    0.260235720    0.235528289
    5.007774230    0.254086400    0.229060697
    5.023521947    0.247774041    0.222454756
    5.039269665    0.241297060    0.215708552
    5.055017383    0.234654226    0.208820201
    5.070765101    0.227844663    0.201787861
    5.086512818    0.220867832    0.194609750
    5.102260536    0.213723515    0.187284159
    5.118008254    0.206411784    0.179809468
    5.133755971    0.198932966    0.172184167
    5.149503689    0.191287596    0.164406863
    5.165251407    0.183476368    0.156476304
    5.180999125    0.175500073    0.148391387
    5.196746842    0.167359539    0.140151170
    5.212494560    0.159055566    0.131754886
    5.228242278    0.150588857    0.123201952
    5.243989995    0.141959960    0.114491974
    5.259737713    0.133169208    0.105624751
    5.275485431    0.124216669    0.096600286
    5.291233148    0.115102111    0.087418781
    5.306980866    0.105824971    0.078080644
    5.322728584    0.096384349    0.068586484
    5.338476302    0.086779010    0.058937114
    5.354224019    0.077007406    0.049133549
    5.369971737    0.067067719    0.039177000
    5.385719455    0.056957911    0.029068876
    5.401467172    0.046675801    0.018810781
    5.417214890    0.036219144    0.008404509
    5.432962608    0.025585727   -0.002147957
    5.448710325    0.014773471   -0.012844450
    5.464458043    0.003780533   -0.023682618
    5.480205761   -0.007394588   -0.034659928
    5.495953479   -0.018752950   -0.045773671
    5.511701196   -0.030295078   -0.057020963
    5.527448914   -0.042020881   -0.068398746
    5.543196632   -0.053929589   -0.079903797
    5.558944349   -0.066019698   -0.091532724
    5.574692067   -0.078288944   -0.103281978
    5.590439785   -0.090734284   -0.115147851
    5.606187503   -0.103351911   -0.127126482
    5.621935220   -0.116137270   -0.139213865
    5.637682938   -0.129085108   -0.151405847
    5.653430656   -0.142189526   -0.163698140
    5.669178373   -0.155444050   -0.176086318
    5.684926091   -0.168841703   -0.188565827
    5.700673809   -0.182375095   -0.201131982
    5.716421526   -0.196036499   -0.213779975
    5.732169244   -0.209817935   -0.226504873
    5.747916962   -0.223711249   -0.239301617
    5.763664680   -0.237708175   -0.252165025
    5.779412397   -0.251800399   -0.265089788
    5.795160115   -0.265979601   -0.278070469
    5.810907833   -0.280237488   -0.291101497
    5.826655550   -0.294565816   -0.304177165
    5.842403268   -0.308956396   -0.317291627
    5.858150986   -0.323401087   -0.330438892
    5.873898703   -0.337891787   -0.343612818
    5.889646421   -0.352420407   -0.356807116
    5.905394139   -0.366978844   -0.370015339
    5.921141857   -0.381558954   -0.383230889
    5.936889574   -0.396152518   -0.396447010
    5.952637292   -0.410751217   -0.409656796
    5.968385010   -0.425346607   -0.422853196
    5.984132727   -0.439930103   -0.436029014
    5.999880445   -0.454492970   -0.449176924
    6.015628163   -0.469026320   -0.462289475
    6.031375881   -0.483521122   -0.475359108
    6.047123598   -0.497968215   -0.488378165
    6.062871316   -0.512358337   -0.501338907
    6.078619034   -0.526682146   -0.514233526
    6.094366751   -0.540930264   -0.527054165
    6.110114469   -0.555093307   -0.539792933
    6.125862187   -0.569161924   -0.552441920
    6.141609904   -0.583126835   -0.564993214
    6.157357622   -0.596978865   -0.577438914
    6.173105340   -0.610708970   -0.589771148
    6.188853058   -0.624308258   -0.601982077
    6.204600775   -0.637768011   -0.614063915
    6.220348493   -0.651079684   -0.626008931
    6.236096211   -0.664234913   -0.637809462
    6.251843928   -0.677225505   -0.649457916
    6.267591646   -0.690043423   -0.660946781
    6.283339364   -0.702680773   -0.672268623
    6.299087081   -0.715129778   -0.683416095
    6.314834799   -0.727382757   -0.694381940
    6.330582517   -0.739432099   -0.705158990
    6.346330235   -0.751270245   -0.715740171
    6.362077952   -0.762889664   -0.726118506
    6.377825670   -0.774282843   -0.736287119
    6.393573388   -0.785442275   -0.746239239
    6.409321105   -0.796360456   -0.755968203
    6.425068823   -0.807029891   -0.765467466
    6.440816541   -0.817443103   -0.774730602
    6.456564259   -0.827592647   -0.783751317
    6.472311976   -0.837471135   -0.792523452
    6.488059694   -0.847071259   -0.801040994
    6.503807412   -0.856385820   -0.809298085
    6.519555129   -0.865407759   -0.817289026
    6.535302847   -0.874130183   -0.825008290
    6.551050565   -0.882546397   -0.832450527
    6.566798282   -0.890649929   -0.839610573
    6.582546000   -0.898434550   -0.846483456
    6.598293718   -0.905894290   -0.853064397
    6.614041436   -0.913023455   -0.859348824
    6.629789153   -0.919816629   -0.865332365
    6.645536871   -0.926268678   -0.871010860
    6.661284589   -0.932374744   -0.876380357
    6.677032306   -0.938130245   -0.881437115
    6.692780024   -0.943530860   -0.886177607
    6.708527742   -0.948572520   -0.890598517
    6.724275459   -0.953251396   -0.894696742
    6.740023177   -0.957563889   -0.898469393
    6.755770895   -0.961506622   -0.901913795
    6.771518613   -0.965076435   -0.905027488
    6.787266330   -0.968270379   -0.907808225
    6.803014048   -0.971085722   -0.910253981
    6.818761766   -0.973519953   -0.912362947
    6.834509483   -0.975570792   -0.914133539
    6.850257201   -0.977236205   -0.915564397
    6.866004919   -0.978514420   -0.916654390
    6.881752637   -0.979403946   -0.917402621
    6.897500354   -0.979903592   -0.917808426
    6.913248072   -0.980012488   -0.917871383
    6.928995790   -0.979730099   -0.917591309
    6.944743507   -0.979056248   -0.916968267
    6.960491225   -0.977991122   -0.916002566
    6.976238943   -0.976535283   -0.914694762
    6.991986660   -0.974689668   -0.913045656
    7.007734378   -0.972455595   -0.911056296
    7.023482096   -0.969834749   -0.908727976
    7.039229814   -0.966829174   -0.906062229
    7.054977531   -0.963441261   -0.903060828
    7.070725249   -0.959673726   -0.899725778
    7.086472967   -0.955529592   -0.896059316
    7.102220684   -0.951012171   -0.892063902
    7.117968402   -0.946125038   -0.887742216
    7.133716120   -0.940872017   -0.883097152
    7.149463837   -0.935257162   -0.878131814
    7.165211555   -0.929284743   -0.872849510
    7.180959273   -0.922959237   -0.867253748
    7.196706991   -0.916285319   -0.861348233
    7.212454708   -0.909267865   -0.855136860
    7.228202426   -0.901911947   -0.848623715
    7.243950144   -0.894222843   -0.841813071
    7.259697861   -0.886206039   -0.834709384
    7.275445579   -0.877867241   -0.827317291
    7.291193297   -0.869212382   -0.819641609
    7.306941015   -0.860247627   -0.811687333
    7.322688732   -0.850979382   -0.803459632
    7.338436450   -0.841414294   -0.794963851
    7.354184168   -0.831559251   -0.786205502
    7.369931885   -0.821421375   -0.777190268
    7.385679603   -0.811008011   -0.767923994
    7.401427321   -0.800326716   -0.758412688
    7.417175038   -0.789385234   -0.748662515
    7.432922756   -0.778191476   -0.738679796
    7.448670474   -0.766753491   -0.728470999
    7.464418192   -0.755079443   -0.718042741
    7.480165909   -0.743177574   -0.707401779
    7.495913627   -0.731056183   -0.696555011
    7.511661345   -0.718723594   -0.685509465
    7.527409062   -0.706188134   -0.674272306
    7.543156780   -0.693458112   -0.662850824
    7.558904498   -0.680541804   -0.651252432
    7.574652215   -0.667447441   -0.639484669
    7.590399933   -0.654183207   -0.627555189
    7.606147651   -0.640757233   -0.615471763
    7.621895369   -0.627177607   -0.603242272
    7.637643086   -0.613452383   -0.590874705
    7.653390804   -0.599589588   -0.578377152
    7.669138522   -0.585597241   -0.565757799
    7.684886239   -0.571483371   -0.553024918
    7.700633957   -0.557256026   -0.540186863
    7.716381675   -0.542923296   -0.527252053
    7.732129393   -0.528493324   -0.514228966
    7.747877110   -0.513974318   -0.501126121
    7.763624828   -0.499374559   -0.487952067
    7.779372546   -0.484702411   -0.474715362
    7.795120263   -0.469966324   -0.461424559
    7.810867981   -0.455174835   -0.448088189
    7.826615699   -0.440336568   -0.434714736
    7.842363416   -0.425460238   -0.421312626
    7.858111134   -0.410554644   -0.407890200
    7.873858852   -0.395628676   -0.394455704
    7.889606570   -0.380691312   -0.381017266
    7.905354287   -0.365751624   -0.367582885
    7.921102005   -0.350818782   -0.354160413
    7.936849723   -0.335902064   -0.340757546
    7.952597440   -0.321010862   -0.327381815
    7.968345158   -0.306154698   -0.314040576
    7.984092876   -0.291343228   -0.300741007
    7.999840593   -0.276586255   -0.287490102
    8.015588311   -0.261893732   -0.274294676
    8.031336029   -0.247275766   -0.261161360
    8.047083747   -0.232742609   -0.248096605
    8.062831464   -0.218304642   -0.235106688
    8.078579182   -0.203972357   -0.222197713
    8.094326900   -0.189756316   -0.209375616
    8.110074617   -0.175667110   -0.196646170
    8.125822335   -0.161715295   -0.184014988
    8.141570053   -0.147911328   -0.171487528
    8.157317771   -0.134265483   -0.159069095
    8.173065488   -0.120787768   -0.146764838
    8.188813206   -0.107487826   -0.134579756
    8.204560924   -0.094374844   -0.122518692
    8.220308641   -0.081457450   -0.110586331
    8.236056359   -0.068743623   -0.098787198
    8.251804077   -0.056240604   -0.087125652
    8.267551794   -0.043954826   -0.075605878
    8.283299512   -0.031891844   -0.064231887
    8.299047230   -0.020056295   -0.053007503
    8.314794948   -0.008451872   -0.041936362
    8.330542665    0.002918686   -0.031021902
    8.346290383    0.014053574   -0.020267364
    8.362038101    0.024951887   -0.009675781
    8.377785818    0.035613562    0.000750022
    8.393533536    0.046039305    0.011007430
    8.409281254    0.056230500    0.021094040
    8.425028971    0.066189108    0.031007664
    8.440776689    0.075917555    0.040746322
    8.456524407    0.085418619    0.050308246
    8.472272125    0.094695319    0.059691877
    8.488019842    0.103750804    0.068895861
    8.503767560    0.112588253    0.077919045
    8.519515278    0.121210792    0.086760476
    8.535262995    0.129621418    0.095419397
    8.551010713    0.137822951    0.103895240
    8.566758431    0.145817994    0.112187630
    8.582506149    0.153608923    0.120296372
    8.598253866    0.161197889    0.128221457
    8.614001584    0.168586842    0.135963050
    8.629749302    0.175777564    0.143521493
    8.645497019    0.182771723    0.150897298
    8.661244737    0.189570929    0.158091140
    8.676992455    0.196176801    0.165103857
    8.692740172    0.202591029    0.171936441
    8.708487890    0.208815437    0.178590029
    8.724235608    0.214852046    0.185065900
    8.739983326    0.220703111    0.191365462
    8.755731043    0.226371165    0.197490241
    8.771478761    0.231859039    0.203441873
    8.787226479    0.237169865    0.209222090
    8.802974196    0.242307073    0.214832705
    8.818721914    0.247274360    0.220275601
    8.834469632    0.252075661    0.225552715
    8.850217349    0.256715095    0.230666023
    8.865965067    0.261196903    0.235617527
    8.881712785    0.265525389    0.240409241
    8.897460503    0.269704847    0.245043178
    8.913208220    0.273739490    0.249521337
    8.928955938    0.277633383    0.253845695
    8.944703656    0.281390381    0.258018194
    8.960451373    0.285014076    0.262040735
    8.976199091    0.288507750    0.265915174
    8.991946809    0.291874342    0.269643314
    9.007694527    0.295116428    0.273226906
    9.023442244    0.298236215    0.276667645
    9.039189962    0.301235538    0.279967171
    9.054937680    0.304115886    0.283127071
    9.070685397    0.306878419    0.286148880
    9.086433115    0.309524008    0.289034085
    9.102180833    0.312053274    0.291784127
    9.117928550    0.314466635    0.294400407
    9.133676268    0.316764354    0.296884284
    9.149423986    0.318946585    0.299237082
    9.165171704    0.321013422    0.301460091
    9.180919421    0.322964938    0.303554566
    9.196667139    0.324801226    0.305521731
    9.212414857    0.326522424    0.307362776
    9.228162574    0.328128742    0.309078853
    9.243910292    0.329620475    0.310671080
    9.259658010    0.330998007    0.312140532
    9.275405727    0.332261818    0.313488235
    9.291153445    0.333412466    0.314715168
    9.306901163    0.334450582    0.315822250
    9.322648881    0.335376844    0.316810340
    9.338396598    0.336191959    0.317680225
    9.354144316    0.336896633    0.318432619
    9.369892034    0.337491549    0.319068152
    9.385639751    0.337977338    0.319587372
    9.401387469    0.338354552    0.319990730
    9.417135187    0.338623649    0.320278585
    9.432882905    0.338784968    0.320451194
    9.448630622    0.338838717    0.320508713
    9.464378340    0.338784968    0.320451194
    9.480126058    0.338623649    0.320278585
    9.495873775    0.338354552    0.319990730
    9.511621493    0.337977338    0.319587372
    9.527369211    0.337491549    0.319068153
    9.543116928    0.336896633    0.318432619
    9.558864646    0.336191959    0.317680225
    9.574612364    0.335376844    0.316810340
    9.590360082    0.334450582    0.315822250
    9.606107799    0.333412466    0.314715168
    9.621855517    0.332261818    0.313488235
    9.637603235    0.330998007    0.312140532
    9.653350952    0.329620475    0.310671081
    9.669098670    0.328128742    0.309078853
    9.684846388    0.326522424    0.307362776
    9.700594105    0.324801226    0.305521731
    9.716341823    0.322964938    0.303554566
    9.732089541    0.321013422    0.301460091
    9.747837259    0.318946585    0.299237083
    9.763584976    0.316764354    0.296884284
    9.779332694    0.314466636    0.294400407
    9.795080412    0.312053274    0.291784128
    9.810828129    0.309524008    0.289034085
    9.826575847    0.306878419    0.286148880
    9.842323565    0.304115886    0.283127071
    9.858071283    0.301235539    0.279967171
    9.873819000    0.298236215    0.276667645
    9.889566718    0.295116429    0.273226906
    9.905314436    0.291874342    0.269643314
    9.921062153    0.288507750    0.265915174
    9.936809871    0.285014077    0.262040735
    9.952557589    0.281390381    0.258018194
    9.968305306    0.277633383    0.253845695
    9.984053024    0.273739490    0.249521338
    9.999800742    0.269704848    0.245043178
   10.015548460    0.265525390    0.240409241
   10.031296177    0.261196903    0.235617527
   10.047043895    0.256715095    0.230666023
   10.062791613    0.252075662    0.225552715
   10.078539330    0.247274360    0.220275602
   10.094287048    0.242307073    0.214832706
   10.110034766    0.237169866    0.209222090
   10.125782483    0.231859040    0.203441874
   10.141530201    0.226371166    0.197490241
   10.157277919    0.220703111    0.191365462
   10.173025637    0.214852046    0.185065901
   10.188773354    0.208815438    0.178590030
   10.204521072    0.202591029    0.171936442
   10.220268790    0.196176801    0.165103858
   10.236016507    0.189570930    0.158091141
   10.251764225    0.182771723    0.150897298
   10.267511943    0.175777564    0.143521494
   10.283259661    0.168586842    0.135963051
   10.299007378    0.161197890    0.128221457
   10.314755096    0.153608923    0.120296373
   10.330502814    0.145817994    0.112187630
   10.346250531    0.137822951    0.103895241
   10.361998249    0.129621419    0.095419397
   10.377745967    0.121210793    0.086760477
   10.393493684    0.112588254    0.077919046
   10.409241402    0.103750805    0.068895862
   10.424989120    0.094695320    0.059691878
   10.440736838    0.085418620    0.050308247
   10.456484555    0.075917555    0.040746322
   10.472232273    0.066189109    0.031007664
   10.487979991    0.056230501    0.021094041
   10.503727708    0.046039306    0.011007430
   10.519475426    0.035613562    0.000750022
   10.535223144    0.024951887   -0.009675780
   10.550970861    0.014053575   -0.020267363
   10.566718579    0.002918687   -0.031021902
   10.582466297   -0.008451871   -0.041936361
   10.598214015   -0.020056294   -0.053007502
   10.613961732   -0.031891843   -0.064231886
   10.629709450   -0.043954825   -0.075605877
   10.645457168   -0.056240603   -0.087125651
   10.661204885   -0.068743622   -0.098787197
   10.676952603   -0.081457449   -0.110586330
   10.692700321   -0.094374843   -0.122518691
   10.708448039   -0.107487825   -0.134579755
   10.724195756   -0.120787767   -0.146764837
   10.739943474   -0.134265482   -0.159069094
   10.755691192   -0.147911327   -0.171487527
   10.771438909   -0.161715294   -0.184014987
   10.787186627   -0.175667109   -0.196646169
   10.802934345   -0.189756315   -0.209375615
   10.818682062   -0.203972355   -0.222197712
   10.834429780   -0.218304641   -0.235106687
   10.850177498   -0.232742607   -0.248096604
   10.865925216   -0.247275765   -0.261161359
   10.881672933   -0.261893731   -0.274294675
   10.897420651   -0.276586253   -0.287490101
   10.913168369   -0.291343226   -0.300741006
   10.928916086   -0.306154697   -0.314040575
   10.944663804   -0.321010861   -0.327381814
   10.960411522   -0.335902063   -0.340757545
   10.976159239   -0.350818781   -0.354160412
   10.991906957   -0.365751623   -0.367582884
   11.007654675   -0.380691311   -0.381017265
   11.023402393   -0.395628675   -0.394455703
   11.039150110   -0.410554643   -0.407890199
   11.054897828   -0.425460236   -0.421312625
   11.070645546   -0.440336567   -0.434714735
   11.086393263   -0.455174833   -0.448088188
   11.102140981   -0.469966323   -0.461424558
   11.117888699   -0.484702410   -0.474715361
   11.133636417   -0.499374558   -0.487952066
   11.149384134   -0.513974317   -0.501126120
   11.165131852   -0.528493323   -0.514228965
   11.180879570   -0.542923295   -0.527252052
   11.196627287   -0.557256025   -0.540186862
   11.212375005   -0.571483370   -0.553024917
   11.228122723   -0.585597240   -0.565757798
   11.243870440   -0.599589587   -0.578377151
   11.259618158   -0.613452382   -0.590874704
   11.275365876   -0.627177606   -0.603242271
   11.291113594   -0.640757232   -0.615471762
   11.306861311   -0.654183206   -0.627555189
   11.322609029   -0.667447440   -0.639484668
   11.338356747   -0.680541803   -0.651252432
   11.354104464   -0.693458111   -0.662850823
   11.369852182   -0.706188133   -0.674272306
   11.385599900   -0.718723593   -0.685509465
   11.401347617   -0.731056183   -0.696555010
   11.417095335   -0.743177574   -0.707401779
   11.432843053   -0.755079442   -0.718042741
   11.448590771   -0.766753491   -0.728470999
   11.464338488   -0.778191475   -0.738679795
   11.480086206   -0.789385233   -0.748662515
   11.495833924   -0.800326716   -0.758412687
   11.511581641   -0.811008011   -0.767923993
   11.527329359   -0.821421374   -0.777190267
   11.543077077   -0.831559251   -0.786205502
   11.558824795   -0.841414294   -0.794963851
   11.574572512   -0.850979382   -0.803459632
   11.590320230   -0.860247627   -0.811687332
   11.606067948   -0.869212382   -0.819641608
   11.621815665   -0.877867241   -0.827317290
   11.637563383   -0.886206038   -0.834709384
   11.653311101   -0.894222842   -0.841813071
   11.669058818   -0.901911947   -0.848623715
   11.684806536   -0.909267865   -0.855136860
   11.700554254   -0.916285319   -0.861348232
   11.716301972   -0.922959237   -0.867253748
   11.732049689   -0.929284743   -0.872849510
   11.747797407   -0.935257162   -0.878131814
   11.763545125   -0.940872017   -0.883097152
   11.779292842   -0.946125038   -0.887742216
   11.795040560   -0.951012171   -0.892063902
   11.810788278   -0.955529592   -0.896059316
   11.826535995   -0.959673726   -0.899725778
   11.842283713   -0.963441261   -0.903060828
   11.858031431   -0.966829175   -0.906062230
   11.873779149   -0.969834749   -0.908727976
   11.889526866   -0.972455596   -0.911056296
   11.905274584   -0.974689669   -0.913045656
   11.921022302   -0.976535283   -0.914694762
   11.936770019   -0.977991123   -0.916002567
   11.952517737   -0.979056249   -0.916968268
   11.968265455   -0.979730100   -0.917591309
   11.984013173   -0.980012488   -0.917871383
   11.999760890   -0.979903593   -0.917808427
   12.015508608   -0.979403947   -0.917402621
   12.031256326   -0.978514421   -0.916654391
   12.047004043   -0.977236205   -0.915564397
   12.062751761   -0.975570792   -0.914133539
   12.078499479   -0.973519953   -0.912362948
   12.094247196   -0.971085723   -0.910253982
   12.109994914   -0.968270380   -0.907808226
   12.125742632   -0.965076436   -0.905027488
   12.141490350   -0.961506623   -0.901913796
   12.157238067   -0.957563890   -0.898469394
   12.172985785   -0.953251396   -0.894696743
   12.188733503   -0.948572521   -0.890598518
   12.204481220   -0.943530861   -0.886177608
   12.220228938   -0.938130247   -0.881437116
   12.235976656   -0.932374745   -0.876380358
   12.251724373   -0.926268679   -0.871010861
   12.267472091   -0.919816631   -0.865332366
   12.283219809   -0.913023457   -0.859348825
   12.298967527   -0.905894292   -0.853064399
   12.314715244   -0.898434551   -0.846483457
   12.330462962   -0.890649931   -0.839610575
   12.346210680   -0.882546399   -0.832450528
   12.361958397   -0.874130184   -0.825008291
   12.377706115   -0.865407760   -0.817289027
   12.393453833   -0.856385822   -0.809298086
   12.409201551   -0.847071260   -0.801040996
   12.424949268   -0.837471136   -0.792523453
   12.440696986   -0.827592648   -0.783751318
   12.456444704   -0.817443104   -0.774730603
   12.472192421   -0.807029893   -0.765467467
   12.487940139   -0.796360457   -0.755968205
   12.503687857   -0.785442276   -0.746239240
   12.519435574   -0.774282845   -0.736287121
   12.535183292   -0.762889666   -0.726118508
   12.550931010   -0.751270246   -0.715740172
   12.566678728   -0.739432101   -0.705158992
   12.582426445   -0.727382758   -0.694381942
   12.598174163   -0.715129780   -0.683416097
   12.613921881   -0.702680775   -0.672268624
   12.629669598   -0.690043425   -0.660946782
   12.645417316   -0.677225507   -0.649457918
   12.661165034   -0.664234915   -0.637809464
   12.676912751   -0.651079686   -0.626008932
   12.692660469   -0.637768012   -0.614063916
   12.708408187   -0.624308260   -0.601982079
   12.724155905   -0.610708972   -0.589771149
   12.739903622   -0.596978867   -0.577438916
   12.755651340   -0.583126837   -0.564993215
   12.771399058   -0.569161925   -0.552441921
   12.787146775   -0.555093308   -0.539792934
   12.802894493   -0.540930266   -0.527054166
   12.818642211   -0.526682148   -0.514233527
   12.834389929   -0.512358339   -0.501338909
   12.850137646   -0.497968217   -0.488378167
   12.865885364   -0.483521124   -0.475359110
   12.881633082   -0.469026322   -0.462289477
   12.897380799   -0.454492972   -0.449176926
   12.913128517   -0.439930105   -0.436029016
   12.928876235   -0.425346609   -0.422853198
   12.944623952   -0.410751219   -0.409656798
   12.960371670   -0.396152520   -0.396447011
   12.976119388   -0.381558956   -0.383230891
   12.991867106   -0.366978846   -0.370015341
   13.007614823   -0.352420409   -0.356807118
   13.023362541   -0.337891789   -0.343612820
   13.039110259   -0.323401089   -0.330438894
   13.054857976   -0.308956398   -0.317291629
   13.070605694   -0.294565818   -0.304177167
   13.086353412   -0.280237490   -0.291101499
   13.102101129   -0.265979603   -0.278070471
   13.117848847   -0.251800401   -0.265089790
   13.133596565   -0.237708177   -0.252165027
   13.149344283   -0.223711251   -0.239301619
   13.165092000   -0.209817937   -0.226504875
   13.180839718   -0.196036501   -0.213779977
   13.196587436   -0.182375097   -0.201131984
   13.212335153   -0.168841705   -0.188565828
   13.228082871   -0.155444052   -0.176086320
   13.243830589   -0.142189528   -0.163698142
   13.259578307   -0.129085110   -0.151405849
   13.275326024   -0.116137272   -0.139213867
   13.291073742   -0.103351912   -0.127126484
   13.306821460   -0.090734286   -0.115147853
   13.322569177   -0.078288946   -0.103281980
   13.338316895   -0.066019700   -0.091532726
   13.354064613   -0.053929591   -0.079903798
   13.369812330   -0.042020883   -0.068398748
   13.385560048   -0.030295079   -0.057020964
   13.401307766   -0.018752952   -0.045773673
   13.417055484   -0.007394590   -0.034659930
   13.432803201    0.003780531   -0.023682619
   13.448550919    0.014773469   -0.012844452
   13.464298637    0.025585725   -0.002147959
   13.480046354    0.036219142    0.008404508
   13.495794072    0.046675799    0.018810780
   13.511541790    0.056957909    0.029068874
   13.527289507    0.067067717    0.039176998
   13.543037225    0.077007405    0.049133547
   13.558784943    0.086779008    0.058937113
   13.574532661    0.096384348    0.068586482
   13.590280378    0.105824970    0.078080642
   13.606028096    0.115102109    0.087418780
   13.621775814    0.124216668    0.096600284
   13.637523531    0.133169206    0.105624749
   13.653271249    0.141959959    0.114491972
   13.669018967    0.150588856    0.123201951
   13.684766685    0.159055565    0.131754885
   13.700514402    0.167359538    0.140151168
   13.716262120    0.175500071    0.148391385
   13.732009838    0.183476366    0.156476303
   13.747757555    0.191287594    0.164406862
   13.763505273    0.198932964    0.172184165
   13.779252991    0.206411783    0.179809467
   13.795000708    0.213723514    0.187284157
   13.810748426    0.220867831    0.194609749
   13.826496144    0.227844662    0.201787860
   13.842243862    0.234654225    0.208820200
   13.857991579    0.241297058    0.215708551
   13.873739297    0.247774040    0.222454755
   13.889487015    0.254086399    0.229060696
   13.905234732    0.260235719    0.235528287
   13.920982450    0.266223938    0.241859460
   13.936730168    0.272053337    0.248056148
   13.952477885    0.277726529    0.254120285
   13.968225603    0.283246441    0.260053791
   13.983973321    0.288616290    0.265858572
   13.999721039    0.293839564    0.271536516
   14.015468756    0.298919989    0.277089490
   14.031216474    0.303861508    0.282519343
   14.046964192    0.308668243    0.287827907
   14.062711909    0.313344470    0.293017004
   14.078459627    0.317894580    0.298088444
   14.094207345    0.322323047    0.303044036
   14.109955063    0.326634389    0.307885593
   14.125702780    0.330833132    0.312614934
   14.141450498    0.334923772    0.317233893
   14.157198216    0.338910733    0.321744322
   14.172945933    0.342798334    0.326148094
   14.188693651    0.346590747    0.330447109
   14.204441369    0.350291963    0.334643292
   14.220189086    0.353905762    0.338738597
   14.235936804    0.357435684    0.342735005
   14.251684522    0.360885009    0.346634527
   14.267432240    0.364256738    0.350439193
   14.283179957    0.367553585    0.354151059
   14.298927675    0.370777977    0.357772198
   14.314675393    0.373932057    0.361304696
   14.330423110    0.377017701    0.364750650
   14.346170828    0.380036535    0.368112161
   14.361918546    0.382989965    0.371391330
   14.377666263    0.385879208    0.374590254
   14.393413981    0.388705326    0.377711018
   14.409161699    0.391469269    0.380755695
   14.424909417    0.394171908    0.383726336
   14.440657134    0.396814078    0.386624969
   14.456404852    0.399396610    0.389453595
   14.472152570    0.401920365    0.392214178
   14.487900287    0.404386253    0.394908649
   14.503648005    0.406795259    0.397538895
   14.519395723    0.409148448    0.400106759
   14.535143441    0.411446974    0.402614034
   14.550891158    0.413692074    0.405062460
   14.566638876    0.415885058    0.407453722
   14.582386594    0.418027294    0.409789446
   14.598134311    0.420120188    0.412071196
   14.613882029    0.422165164    0.414300474
   14.629629747    0.424163632    0.416478715
   14.645377464    0.426116972    0.418607292
   14.661125182    0.428026506    0.420687511
   14.676872900    0.429893482    0.422720616
   14.692620618    0.431719056    0.424707789
   14.708368335    0.433504287    0.426650150
   14.724116053    0.435250127    0.428548767
   14.739863771    0.436957428    0.430404654
   14.755611488    0.438626945    0.432218779
   14.771359206    0.440259353    0.433992067
   14.787106924    0.441855257    0.435725409
   14.802854641    0.443415216    0.437419660
   14.818602359    0.444939761    0.439075653
   14.834350077    0.446429415    0.440694198
   14.850097795    0.447884715    0.442276086
   14.865845512    0.449306225    0.443822097
   14.881593230    0.450694550    0.445333002
   14.897340948    0.452050346    0.446809559
   14.913088665    0.453374324    0.448252525
   14.928836383    0.454667247    0.449662647
   14.944584101    0.455929925    0.451040668
   14.960331819    0.457163206    0.452387321
   14.976079536    0.458367963    0.453703335
   14.991827254    0.459545073    0.454989425
   15.007574972    0.460695409    0.456246296
   15.023322689    0.461819814    0.457474638
   15.039070407    0.462919092    0.458675125
   15.054818125    0.463993990    0.459848412
   15.070565842    0.465045189    0.460995137
   15.086313560    0.466073301    0.462115916
   15.102061278    0.467078861    0.463211345
   15.117808996    0.468062333    0.464282001
   15.133556713    0.469024118    0.465328440
   15.149304431    0.469964559    0.466351199
   15.165052149    0.470883959    0.467350799
   15.180799866    0.471782593    0.468327746
   15.196547584    0.472660724    0.469282533
   15.212295302    0.473518621    0.470215642
   15.228043019    0.474356570    0.471127544
   15.243790737    0.475174886    0.472018705
   15.259538455    0.475973927    0.472889584
   15.275286173    0.476754091    0.473740636
   15.291033890    0.477515824    0.474572310
   15.306781608    0.478259615    0.475385053
   15.322529326    0.478985987    0.476179304
   15.338277043    0.479695493    0.476955502
   15.354024761    0.480388699    0.477714075
   15.369772479    0.481066171    0.478455448
   15.385520197    0.481728466    0.479180033
   15.401267914    0.482376111    0.479888237
   15.417015632    0.483009596    0.480580453
   15.432763350    0.483629363    0.481257062
   15.448511067    0.484235800    0.481918433
   15.464258785    0.484829235    0.482564922
   15.480006503    0.485409939    0.483196871
   15.495754220    0.485978131    0.483814609
   15.511501938    0.486533981    0.484418455
   15.527249656    0.487077624    0.485008715
   15.542997374    0.487609171    0.485585684
   15.558745091    0.488128721    0.486149652
   15.574492809    0.488636375    0.486700899
   15.590240527    0.489132249    0.487239702
   15.605988244    0.489616485    0.487766332
   15.621735962    0.490089259    0.488281057
   15.637483680    0.490550784    0.488784145
   15.653231397    0.491001319    0.489275860
   15.668979115    0.491441159    0.489756466
   15.684726833    0.491870637    0.490226224
   15.700474551    0.492290113    0.490685394
   15.716222268    0.492699968    0.491134233
   15.731969986    0.493100586    0.491572994
   15.747717704    0.493492349    0.492001926
   15.763465421    0.493875618    0.492421270
   15.779213139    0.494250729    0.492831261
   15.794960857    0.494617978    0.493232127
   15.810708575    0.494977618    0.493624088
   15.826456292    0.495329853    0.494007351
   15.842204010    0.495674838    0.494382120
   15.857951728    0.496012682    0.494748584
   15.873699445    0.496343456    0.495106929
   15.889447163    0.496667194    0.495457331
   15.905194881    0.496983912    0.495799958
   15.920942598    0.497293613    0.496134976
   15.936690316    0.497596304    0.496462544
   15.952438034    0.497892001    0.496782819
   15.968185752    0.498180746    0.497095957
   15.983933469    0.498462608    0.497402112
   15.999681187    0.498737697    0.497701437
   16.015428905    0.499006156    0.497994088
   16.031176622    0.499268171    0.498280218
   16.046924340    0.499523960    0.498559982
   16.062672058    0.499773770    0.498833535
   16.078419775    0.500017869    0.499101030
   16.094167493    0.500256533    0.499362620
   16.109915211    0.500490038    0.499618454
   16.125662929    0.500718648    0.499868678
   16.141410646    0.500942604    0.500113432
   16.157158364    0.501162115    0.500352854
   16.172906082    0.501377354    0.500587073
   16.188653799    0.501588451    0.500816213
   16.204401517    0.501795495    0.501040391
   16.220149235    0.501998530    0.501259716
   16.235896953    0.502197567    0.501474295
   16.251644670    0.502392587    0.501684226
   16.267392388    0.502583549    0.501889605
   16.283140106    0.502770404    0.502090521
   16.298887823    0.502953102    0.502287064
   16.314635541    0.503131605    0.502479322
   16.330383259    0.503305894    0.502667379
   16.346130976    0.503475981    0.502851324
   16.361878694    0.503641907    0.503031244
   16.377626412    0.503803755    0.503207228
   16.393374130    0.503961639    0.503379366
   16.409121847    0.504115711    0.503547751
   16.424869565    0.504266148    0.503712474
   16.440617283    0.504413148    0.503873629
   16.456365000    0.504556923    0.504031308
   16.472112718    0.504697683    0.504185603
   16.487860436    0.504835632    0.504336602
   16.503608153    0.504970953    0.504484392
   16.519355871    0.505103804    0.504629054
   16.535103589    0.505234308    0.504770667
   16.550851307    0.505362553    0.504909302
   16.566599024    0.505488586    0.505045029
   16.582346742    0.505612418    0.505177910
   16.598094460    0.505734025    0.505308003
   16.613842177    0.505853356    0.505435363
   16.629589895    0.505970341    0.505560039
   16.645337613    0.506084901    0.505682082
   16.661085331    0.506196956    0.505801537
   16.676833048    0.506306436    0.505918451
   16.692580766    0.506413290    0.506032870
   16.708328484    0.506517494    0.506144842
   16.724076201    0.506619055    0.506254415
   16.739823919    0.506718015    0.506361640
   16.755571637    0.506814449    0.506466571
   16.771319354    0.506908466    0.506569262
   16.787067072    0.507000205    0.506669769
   16.802814790    0.507089820    0.506768150
   16.818562508    0.507177483    0.506864463
   16.834310225    0.507263366    0.506958763
   16.850057943    0.507347636    0.507051108
   16.865805661    0.507430441    0.507141550
   16.881553378    0.507511908    0.507230141
   16.897301096    0.507592133    0.507316927
   16.913048814    0.507671178    0.507401951
   16.928796531    0.507749067    0.507485254
   16.944544249    0.507825793    0.507566869
   16.960291967    0.507901312    0.507646829
   16.976039685    0.507975559    0.507725161
   16.991787402    0.508048447    0.507801891
   17.007535120    0.508119881    0.507877042
   17.023282838    0.508189767    0.507950638
   17.039030555    0.508258016    0.508022701
   17.054778273    0.508324562    0.508093254
   17.070525991    0.508389359    0.508162322
   17.086273709    0.508452394    0.508229931
   17.102021426    0.508513686    0.508296111
   17.117769144    0.508573288    0.508360892
   17.133516862    0.508631284    0.508424307
   17.149264579    0.508687787    0.508486392
   17.165012297    0.508742927    0.508547184
   17.180760015    0.508796851    0.508606719
   17.196507732    0.508849707    0.508665035
   17.212255450    0.508901640    0.508722169
   17.228003168    0.508952779    0.508778155
   17.243750886    0.509003231    0.508833024
   17.259498603    0.509053076    0.508886808
   17.275246321    0.509102362    0.508939531
   17.290994039    0.509151102    0.508991217
   17.306741756    0.509199275    0.509041884
   17.322489474    0.509246831    0.509091548
   17.338237192    0.509293694    0.509140223
   17.353984909    0.509339771    0.509187918
   17.369732627    0.509384959    0.509234645
   17.385480345    0.509429153    0.509280411
   17.401228063    0.509472259    0.509325225
   17.416975780    0.509514197    0.509369098
   17.432723498    0.509554913    0.509412041
   17.448471216    0.509594380    0.509454067
   17.464218933    0.509632604    0.509495192
   17.479966651    0.509669623    0.509535436
   17.495714369    0.509705507    0.509574818
   17.511462087    0.509740350    0.509613362
   17.527209804    0.509774270    0.509651092
   17.542957522    0.509807397    0.509688033
   17.558705240    0.509839865    0.509724212
   17.574452957    0.509871803    0.509759653
   17.590200675    0.509903330    0.509794379
   17.605948393    0.509934542    0.509828413
   17.621696110    0.509965508    0.509861772
   17.637443828    0.509996268    0.509894475
   17.653191546    0.510026828    0.509926532
   17.668939264    0.510057163    0.509957954
   17.684686981    0.510087216    0.509988748
   17.700434699    0.510116910    0.510018918
   17.716182417    0.510146145    0.510048466
   17.731930134    0.510174815    0.510077393
   17.747677852    0.510202811    0.510105701
   17.763425570    0.510230034    0.510133390
   17.779173287    0.510256398    0.510160462
   17.794921005    0.510281842    0.510186921
   17.810668723    0.510306332    0.510212773
   17.826416441    0.510329865    0.510238026
   17.842164158    0.510352471    0.510262692
   17.857911876    0.510374208    0.510286784
   17.873659594    0.510395162    0.510310317
   17.889407311    0.510415441    0.510333309
   17.905155029    0.510435164    0.510355778
   17.920902747    0.510454456    0.510377743
   17.936650465    0.510473438    0.510399221
   17.952398182    0.510492222    0.510420230
   17.968145900    0.510510895    0.510440786
   17.983893618    0.510529524    0.510460900
   17.999641335    0.510548143    0.510480584
   18.015389053    0.510566755    0.510499843
   18.031136771    0.510585330    0.510518683
   18.046884488    0.510603813    0.510537104
   18.062632206    0.510622120    0.510555106
   18.078379924    0.510640154    0.510572686
   18.094127642    0.510657805    0.510589840
   18.109875359    0.510674962    0.510606565
   18.125623077    0.510691523    0.510622856
   18.141370795    0.510707399    0.510638710
   18.157118512    0.510722524    0.510654128
   18.172866230    0.510736861    0.510669110
   18.188613948    0.510750400    0.510683661
   18.204361665    0.510763165    0.510697787
   18.220109383    0.510775208    0.510711496
   18.235857101    0.510786609    0.510724800
   18.251604819    0.510797469    0.510737712
   18.267352536    0.510807901    0.510750246
   18.283100254    0.510818025    0.510762416
   18.298847972    0.510827956    0.510774237
   18.314595689    0.510837801    0.510785720
   18.330343407    0.510847646    0.510796879
   18.346091125    0.510857551    0.510807721
   18.361838843    0.510867550    0.510818253
   18.377586560    0.510877644    0.510828479
   18.393334278    0.510887803    0.510838400
   18.409081996    0.510897968    0.510848012
   18.424829713    0.510908058    0.510857313
   18.440577431    0.510917972    0.510866297
   18.456325149    0.510927601    0.510874956
   18.472072866    0.510936831    0.510883283
   18.487820584    0.510945559    0.510891273
   18.503568302    0.510953694    0.510898918
   18.519316020    0.510961167    0.510906216
   18.535063737    0.510967935    0.510913165
   18.550811455    0.510973988    0.510919766
   18.566559173    0.510979342    0.510926023
   18.582306890    0.510984048    0.510931941
   18.598054608    0.510988180    0.510937528
   18.613802326    0.510991834    0.510942796
   18.629550043    0.510995120    0.510947754
   18.645297761    0.510998153    0.510952415
   18.661045479    0.511001048    0.510956790
   18.676793197    0.511003906    0.510960890
   18.692540914    0.511006811    0.510964722
   18.708288632    0.511009825    0.510968294
   18.724036350    0.511012977    0.510971608
   18.739784067    0.511016268    0.510974668
   18.755531785    0.511019668    0.510977470
   18.771279503    0.511023118    0.510980010
   18.787027221    0.511026535    0.510982282
   18.802774938    0.511029817    0.510984278
   18.818522656    0.511032854    0.510985988
   18.834270374    0.511035531    0.510987404
   18.850018091    0.511037743    0.510988516
   18.865765809    0.511039395    0.510989316
   18.881513527    0.511040417    0.510989799
